TF	Log10Events	MDS_difference	p-value
STAT1_0	3.620136054973757	-0.03315436586351203	2.36296751067e-12
SMCA5_0	2.0334237554869494	-0.3638459751234655	7.01256357863e-09
FOXJ2_0	3.0716979452216138	-0.03525148321976747	4.37132510506e-06
SUH_0	2.3304137733491905	0.07897353716251353	0.00224432212548
SALL1_0	3.4074758852912552	-0.024459987912166147	0.00474584560441
IRF3_0	3.7540806421901647	-0.011858280290921366	0.00562903838956
MYB_0	2.093421685162235	-0.10727360242558714	0.0068370809253
PPARG_1	1.9890046156985366	0.07391891948624739	0.00953865732319
NKX28_0	2.1673173347481756	0.07759324091641037	0.0132747253946
TF7L2_0	1.9731278535996983	-0.07401654674290217	0.0174902897191
RREB1_0	2.9838517189914713	-0.02318467568291648	0.020899165385
PPARA_1	2.3064250275506875	0.04545034515281337	0.0265283067003
SOX9_1	2.420780619548565	0.04844722137303984	0.0275868016084
GATA3_0	2.1687920203141817	0.055290488481207614	0.0360917033436
ELF1_0	2.0	-0.14378078383164436	0.041604967033
NFAC1_1	2.4969296480732144	-0.04197301919946181	0.0436204763446
NR4A2_0	2.0773679052841563	0.054376573770012086	0.044956040282
KAISO_0	1.5250448070368452	-0.2345884929126744	0.0505328869334
FOXP2_0	2.340444114840118	-0.03808245899225696	0.0562637439986
TF7L1_0	2.2355284469075487	-0.048064406533936906	0.0568092866083
GLI1_0	1.9444826721501687	0.06253647928689558	0.0602714687328
HXD10_0	2.2013971243204513	-0.039288627683563934	0.066012089385
PEBB_0	2.393575203269587	0.04506071509688922	0.0752799155307
MEIS1_1	2.0899051114393976	0.04668729057258739	0.0774570605661
ATOH1_0	2.5327543789924976	-0.045634904230824905	0.0787698694181
NKX61_0	2.0663259253620376	-0.03610921835581368	0.0818729681924
ETV2_0	2.3293978793610424	-0.06324379701141017	0.0826233718915
NDF2_0	2.1367205671564067	-0.0586712782007027	0.0858608139752
PTF1A_0	2.3293978793610424	0.061364518622216396	0.0872316738797
HLTF_0	2.3521825181113623	0.04339727686693552	0.0902946980247
FUBP1_0	2.8263987821876175	-0.014113878241631198	0.0908156981764
NDF1_0	2.2291697025391004	-0.05113840436691419	0.0924049847681
SP3_0	3.5077884294281425	-0.017587019336777057	0.0924201003731
MAF_1	2.383815365980431	0.046255029180847645	0.0953943742952
PO2F1_0	1.9912260756924949	-0.07805779534936819	0.0961647072237
TBX20_0	1.8808135922807911	0.059771263184886535	0.0999869709948
NFAC1_0	1.6989700043360185	-0.09895537602955755	0.101559747587
SMAD1_0	2.343408593803857	0.05596678092099695	0.104782239089
COT1_0	2.4183012913197452	0.02834232626814474	0.105784625934
COT1_1	1.8893017025063101	0.05372190961031655	0.109442369054
SOX2_0	1.8356905714924254	-0.04001431708849862	0.11304370594
NR1H3_2	2.3550682063488506	0.028199609752840978	0.114370490188
FLI1_1	3.201533673443382	-0.015305729980431487	0.120853288609
P73_0	1.7323937598229684	0.07811755104336952	0.121416214116
ARI3A_0	2.6730209071288957	-0.011702613821772958	0.123762406435
FOXP3_0	2.3664229572259727	0.019048413391697532	0.136136972821
KLF6_0	3.2831881164534233	-0.01931187256230257	0.136821352751
TF2L1_1	2.2540644529143377	-0.045186318999630964	0.138550877839
NANOG_1	2.1383026981662816	0.051346078757720334	0.138647089605
NFAT5_0	1.716003343634799	0.039263547903652087	0.145569552823
HXA13_0	2.0606978403536114	-0.03513571486476365	0.145984385721
SRF_0	1.7993405494535815	0.07882974915799719	0.150993455534
RXRA_1	2.4409090820652173	-0.03184861789289909	0.154511703984
MYBA_0	1.8948696567452525	-0.09370964137205823	0.155484472832
SP1_1	3.1190908524217216	-0.02344335423335883	0.156418582565
SOX9_0	1.9242792860618814	0.03633568454885934	0.166089967647
EGR2_1	3.2735799456762056	0.01565124363787854	0.169074081775
ETS1_0	2.340444114840118	-0.05787787876047151	0.171165175145
PKNX1_0	1.9777236052888476	0.05960828253410101	0.17125218182
NKX61_1	2.6190933306267423	-0.017377538770296186	0.171849516233
SRBP2_0	2.483587296968894	0.03510920992966296	0.171905980802
MAZ_0	3.9969929818907053	-0.0056833303767702785	0.174329412151
MEIS1_0	1.8195439355418683	0.028750251676070152	0.176366166832
ESR2_0	1.9493900066449126	0.06412114271706428	0.177352789803
HIC1_0	2.0043213737826426	0.06297600434842478	0.181511537864
CREB1_0	1.7671558660821802	0.10510999168280019	0.182760732035
SOX5_0	2.728353782021228	-0.01426511736146327	0.183744340625
WT1_1	2.716420733846555	-0.028541982945232854	0.185500715987
BATF_1	1.9518230353159116	0.06358850669437016	0.18654717469
GATA5_0	1.9344984512435675	-0.033802101120185085	0.187526554306
MSX2_0	2.6884198220027105	-0.015017391940096565	0.188193778675
ZIC1_0	2.3738311450738303	0.0345548446914255	0.196517415323
RFX3_1	2.0718820073061255	-0.04473526901441949	0.202014242325
ARI5B_0	1.9800033715837462	0.04088143189935563	0.204712811576
MAFF_0	1.7481880270062005	0.03178055470637318	0.205301526897
NGN2_0	2.2068258760318495	-0.0454053167470142	0.206827377173
NFKB1_0	1.7781512503836434	-0.057496834571016106	0.208352016426
HXC9_0	1.6434526764861872	0.04011388803970651	0.208662242073
CDX1_0	2.5705429398818973	0.013317432492428262	0.210748515275
MAX_0	1.8721562727482925	-0.07865642615314289	0.213160549023
TBX21_0	2.130333768495006	-0.04222738180156334	0.214966443123
PRGR_1	2.487138375477186	-0.023171403904122017	0.216707523472
RXRG_1	2.4892551683692603	0.021000835017079025	0.218823783264
AP2A_0	2.4141373621844764	0.04042854979071245	0.219980224999
FOXA2_0	2.2108533653148927	-0.024484022922670524	0.22326569976
KLF1_0	2.9790929006383258	-0.023776533428165516	0.226481532617
ZN322_0	1.7481880270062005	-0.08609151215315752	0.226689821475
ISL1_0	2.141449773400467	0.04595452216569734	0.231634295715
GLI3_0	2.0549958615291413	0.04291762635746352	0.232244178346
UBIP1_0	3.736874361648422	0.006678376947573703	0.233373106637
KAISO_1	1.469822015978163	-0.1544263418453509	0.235554681844
MYOG_0	2.494850021680094	0.03690083811385381	0.241393775867
TBP_0	1.8692317197309762	-0.04082218501965422	0.242136789381
SP5_1	3.2802368096096894	0.013739545080442037	0.242462124822
CTCFL_0	2.0433622780211294	0.06319956628006634	0.248319230999
TFDP1_0	2.2612628687924934	-0.04858828051919298	0.248399091537
KLF5_0	2.963315511386111	-0.02227884270804167	0.249930884297
NFIL3_0	1.6334684555795864	-0.026552778626960153	0.251932695397
PRDM1_0	2.2214142378423385	0.030378235949457804	0.254222711732
HXC8_0	1.6384892569546372	-0.025943022529399177	0.257135475831
PPARD_0	1.9030899869919433	-0.05529256492488599	0.257795631382
ONEC2_0	1.6232492903979003	0.06400213799178625	0.258166476406
ZKSC1_0	1.7708520116421442	-0.055001054489029116	0.26046322602
MAFG_0	1.4771212547196624	-0.03726706434124587	0.260615066342
NFAC2_1	3.0293837776852093	-0.011000104799306524	0.261407252968
SRY_0	3.216693599169754	-0.00595107821754751	0.262263711926
ERR1_0	2.277609214304091	-0.025047761904552126	0.264067430022
PRDM5_0	2.371067862271736	-0.03537096044514197	0.264576212864
EVI1_0	1.5622928644564746	0.03070528588916888	0.264587546809
DLX3_0	1.8129133566428552	-0.041180374711944634	0.26522912679
NANOG_0	2.0916669575956846	-0.031693213179159414	0.267171828751
SOX18_0	1.8388490907372552	-0.057587261385580846	0.268732061776
E2F7_0	2.5321171162488034	-0.03537371440868026	0.271542441301
HNF4G_0	2.041392685158225	-0.04355013312431466	0.271781489684
RFX6_0	2.0899051114393976	-0.04276399459545768	0.273458987818
STA5B_0	2.2999429000227667	0.02635069045297952	0.277617058792
CRX_0	1.785329835010767	-0.0451950200062705	0.283740258457
ERR2_0	2.2648178230095364	-0.02123886535215302	0.287100785134
SRBP1_0	2.0951693514317546	0.046807242034196866	0.288185762724
COT2_0	2.3064250275506875	0.022887538119544883	0.288343038205
CREM_0	1.8893017025063101	-0.06205159898422338	0.288538970518
HNF4A_0	1.9614210940664483	-0.04303907011325164	0.290211239057
ZN335_1	3.2750808984568582	0.009563741983231334	0.294418221687
HXD4_0	2.515873843711679	0.0153965321072922	0.294603818772
GRHL2_0	1.9057958803678683	-0.0400023427614558	0.295137409864
MYOD1_1	2.417471693203293	0.03644886659308802	0.2957201111
HESX1_0	1.6074550232146683	0.09234966039743009	0.296615998257
ELF3_0	2.325310371711061	0.033233136992027804	0.298136269738
DLX2_0	1.877946951629188	-0.013747900578179664	0.299477754908
OLIG2_0	2.3232521001716866	-0.030915042091297845	0.301735346999
CTCF_0	2.144574207609616	0.051168309808414	0.304695894366
RFX1_1	2.0170333392987803	-0.03879620762296647	0.308255353539
NR1I3_1	2.7520484478194382	-0.013228514586785842	0.309677435583
NFAC3_0	2.2504200023088936	0.0209191314853994	0.309943689448
HXD9_0	2.405687786672777	-0.01657655726941584	0.311356947551
MEIS2_0	1.785329835010767	-0.03222267370363489	0.31790469437
ERG_0	2.412460547429961	-0.036441734209193055	0.319817858592
ZIC2_0	1.9822712330395682	0.04782323873603497	0.324877186354
VDR_0	1.8260748027008262	-0.051999207198388714	0.325629752203
FOXK1_0	1.9164539485499248	-0.0346410139210778	0.327445453789
ZEP1_0	1.8027737252919753	0.04457817375399223	0.327647427142
HAND1_1	3.1826999033360424	-0.01331118920469648	0.329905175252
SP7_0	1.7403626894942439	-0.017681810885024667	0.332542382404
EGR2_0	2.949633923799262	-0.017227672713802596	0.333014175839
MAFF_1	1.6580113966571122	0.05501287793869641	0.335544511755
NFKB2_0	1.8721562727482925	-0.044935131568136624	0.335980172639
PRGR_0	1.8481891169913987	-0.04527747498323545	0.336834356685
PO5F1_1	2.1889284837608534	-0.025563841315528708	0.337474624935
SNAI2_0	2.2911467617318855	0.028394865352097443	0.337626854237
MYBB_0	2.0718820073061255	0.031198783536366726	0.340483511282
SOX15_0	3.243410141653711	0.007866238500363543	0.345427355377
TBX2_0	1.8061799739838869	-0.029003759019117017	0.34663946621
USF1_0	1.8356905714924254	0.0698449780598388	0.351539296787
PO6F1_0	1.2787536009528289	0.04844722137303985	0.351563710117
IRF2_0	2.2600713879850747	-0.026405564373600653	0.35231101854
ZEP2_0	1.8893017025063101	-0.06044500418585236	0.353064933267
MCR_0	1.9469432706978251	-0.027256731094022928	0.354997180212
BRAC_0	1.9822712330395682	0.026419249345067817	0.361348227643
LHX3_0	2.2253092817258624	0.02616668192885239	0.361824433375
ZIC3_0	2.0625819842281627	0.03574606330415732	0.365042303403
CDX2_0	2.1889284837608534	-0.016359825606825924	0.365538010979
HMGA2_0	1.217483944213906	0.0540027769285954	0.367527469004
GCR_0	1.8129133566428552	-0.05081978175120913	0.368157448339
GCR_1	2.398807730203264	-0.016051773746110307	0.370234464663
P63_1	2.302114376956201	0.025148792053668132	0.372859412683
CUX2_0	1.9344984512435675	0.02689420653705237	0.373689274313
P73_1	2.218797998111737	0.02934898090383165	0.373824475883
HIF1A_0	1.8808135922807911	0.05492677785259631	0.375839067566
PLAG1_0	2.4563660331290427	0.025451036996237856	0.378550536032
IRF8_0	2.093421685162235	-0.029701508661000475	0.380799168633
HXD13_0	1.8129133566428552	-0.034958210013646046	0.380904980851
BHE40_0	1.7817553746524688	0.0537291042411296	0.383410536731
HEN1_0	1.5854607295085006	0.08211793662270245	0.385079543937
HSF2_0	1.8750612633916997	0.03370363162945011	0.385191532193
IKZF1_0	2.9057958803678683	0.009943179245916808	0.385515429385
THB_0	2.0021660617565074	-0.03214683803290075	0.385859119421
NR0B1_0	2.3502480183341623	0.036041655961514374	0.386559113355
BATF3_0	1.877946951629188	0.04214676507258355	0.386729661643
FOXO3_0	2.0773679052841563	-0.025295599750366795	0.388638958316
ASCL1_0	2.4281347940287885	0.028126722039285738	0.389628352998
COT2_2	2.1335389083702174	0.029035711438547943	0.389788949678
GATA1_1	2.1986570869544226	0.02121457747372928	0.389923600427
HXB4_0	2.5769169559652068	-0.01569312950415314	0.390312268811
HXB8_0	1.8195439355418683	-0.025699516495546172	0.391789959701
FOXD1_0	1.7283537820212282	-0.027439303449655186	0.393481540995
ATF4_0	1.5622928644564746	0.06235699580913007	0.394180154666
KLF3_0	3.229553863981136	-0.0126874600184767	0.396360235664
MAFA_0	2.1055101847699738	0.035267253444089555	0.402128951361
SP2_0	3.450941579072346	-0.0103735420026306	0.402307390369
PTF1A_1	2.387389826338729	0.027936025766787224	0.403628946931
CUX1_0	1.3424226808222062	-0.10155277862696016	0.405668267468
NFIB_0	2.4727564493172123	-0.024411735687044297	0.40676100831
ZFP57_0	1.7032913781186614	0.06582310789786255	0.407673700451
SOX13_0	2.6924062348336304	-0.013811864700341483	0.408048731505
PAX8_0	1.8356905714924254	-0.035014812088993624	0.409675659296
TLX1_0	1.7958800173440752	0.049142023225844794	0.412138235595
NR1H4_0	1.9370161074648142	-0.04299662889433983	0.413404295268
FOXF2_0	2.2278867046136734	-0.013387098153587369	0.418214007175
VSX2_0	1.462397997898956	0.05373568291150138	0.421872123602
JUNB_0	1.9614210940664483	0.043956060360139715	0.4219351627
ATF3_0	2.428944290035574	0.02530465109191535	0.423054533955
E2F4_1	1.6180480967120925	-0.07206559913978067	0.426543615354
HNF1B_1	1.6812412373755872	-0.035944313018494545	0.431698798858
NR2C2_0	2.0916669575956846	-0.02462970170388323	0.432308797011
KAISO_2	1.9518230353159116	0.03692798099322975	0.433139680032
MBD2_0	2.388278863459639	0.03398532667858703	0.433821785748
SOX10_1	2.5717088318086874	0.014023074482092415	0.43542002201
FOSB_0	2.1492191126553797	0.0354169183427368	0.437139869473
FOXA1_0	2.0881360887005513	-0.010627915421301537	0.449770371178
NF2L2_0	1.921686475483602	0.02914897575900476	0.452016587905
FEV_0	2.0530784434834195	-0.045216082536165686	0.452073547898
RARA_0	2.3626709297256667	0.012787601762522305	0.454703666633
MEF2C_0	2.1492191126553797	0.022811681478753416	0.455748693857
NR1I3_0	1.6857417386022635	-0.036505890306414546	0.456105552392
ZN148_0	3.4295908022233013	-0.006512488439967528	0.456856794152
TFE2_0	2.4456042032735974	0.019767645721582437	0.461159572098
NKX22_0	2.4240645254174877	-0.020241974735511103	0.461897124881
OLIG2_1	2.321184027302314	-0.02290443956624996	0.462933110027
XBP1_0	1.469822015978163	0.05322577615159463	0.466122567224
E4F1_0	1.3710678622717363	-0.1004538775280591	0.469953112113
PITX2_0	2.6981005456233897	-0.004984468312201073	0.470199659056
GCM1_0	1.6946051989335686	0.028762835990980045	0.471266455785
HNF1A_0	1.7118072290411908	-0.023850586639053876	0.472219379616
NR1H3_1	1.8481891169913987	-0.035034021063426485	0.472704584364
ZFX_0	2.593839661081271	-0.024677370929634648	0.473294424461
NF2L1_0	3.0709609158009337	-0.007887461647586271	0.473570681823
ELF2_0	2.1254812657005937	-0.02886842610897455	0.473977909503
KLF15_0	3.48869169831694	-0.00642091250542803	0.475957973429
IRF9_0	1.8293037728310249	0.030347974585268476	0.481737400832
ITF2_0	2.3463529744506384	0.022158624365386435	0.482043770558
TF65_0	1.9637878273455551	-0.02655574106326777	0.482773928205
STAT4_0	2.3170181010481117	-0.018131738250673653	0.482939928627
RFX2_1	2.008600171761917	-0.030904711204699172	0.487000414704
CLOCK_0	1.8662873390841945	0.03380075672657519	0.487431376285
ZFP42_0	2.0969100130080562	0.04018590647642631	0.4898267479
PDX1_0	2.3283796034387376	-0.012711917653071652	0.490319294386
AP2C_0	2.53529412004277	0.021140471236948403	0.496770626827
ZN143_0	2.1846914308175984	-0.03206559913978066	0.500010155037
BACH1_0	1.1903316981702914	-0.09398975341687613	0.50978000896
SPZ1_0	1.4913616938342726	-0.06606890765921822	0.510291636196
BRAC_1	2.176091259055681	-0.01355758054772846	0.513140468117
PRDM9_0	1.8543060418010802	0.034287409387140894	0.515723265566
NFIC_1	2.3891660843645326	-0.019658744417531706	0.516020590122
RXRB_0	2.0549958615291413	0.025772170915036436	0.519968888406
DMRT1_0	1.716003343634799	0.03690875983457831	0.523220351783
SOX2_1	2.600972895686748	-0.009691149819769682	0.525923779132
LYL1_0	2.4690852991231202	0.01624052841425389	0.526601251497
BRCA1_0	2.506505032404872	0.011646363428806223	0.531815977811
SOX4_0	2.436162647040756	0.013420698845677998	0.532907581293
THA11_0	2.070037866607755	0.033265152607625664	0.533582647181
NR1I2_1	2.843855422623161	-0.007485364741834723	0.535155479545
RELB_0	2.0	0.02576852392370019	0.535980441251
TEAD2_0	2.110589710299249	-0.02103329810747964	0.536840581738
ATF7_0	2.086359830674748	0.028982599366044946	0.53698717379
PBX1_0	1.9518230353159116	0.028417251343069817	0.537189125588
RARG_0	1.8976270912904412	-0.03394014434765921	0.537923919602
HSF1_1	2.5250448070368448	0.012707470927407056	0.538814717745
FOXA3_0	2.0	-0.01357200939619092	0.53908381282
DDIT3_0	1.9420080530223132	0.02591974884556732	0.540581474076
RFX1_0	2.0472748673841794	0.03641470104783659	0.541971148588
SMAD3_0	2.7781512503836434	0.009878372513925582	0.541976142215
ESR1_1	2.478566495593843	-0.01252698813058142	0.546401987653
TYY1_0	2.0472748673841794	0.040134007144808664	0.548373887906
DMRTB_0	1.6283889300503114	0.03579393263279458	0.549718099162
PAX5_0	1.6674529528899538	-0.051552778626960144	0.552367477992
OVOL2_0	1.8633228601204557	-0.032333559407740936	0.552434926924
OVOL1_0	2.1055101847699738	0.014441315861228824	0.552499108666
INSM1_0	1.5118833609788742	0.06254978547560394	0.557627710928
JUND_0	2.1789769472931693	-0.028442281631741475	0.5600712689
FOXQ1_0	1.8481891169913987	0.0141603559419359	0.560407377628
NFIA_1	2.9082168530893924	-0.007948509709632203	0.560702282897
GLI2_0	1.6720978579357173	0.021092148909271732	0.560855479044
IRF4_0	2.2855573090077734	0.01555018821422659	0.562272778527
TBX3_0	2.359835482339888	-0.01153032913830961	0.565164385145
HXB7_0	1.9084850188786497	0.012183485109303584	0.565480241906
FOXO1_0	2.1553360374650614	0.015576375192841153	0.566717060069
MAFB_0	2.0755469613925306	0.0225073717489797	0.566942452426
FOXO4_0	2.441695135640717	-0.009554140560906355	0.573891437704
P53_1	1.8836614351536174	-0.02027486725629715	0.574226635838
DLX5_0	1.7596678446896303	-0.016704293778475304	0.5745319653
REL_0	2.0472748673841794	-0.017621598623713926	0.576122006839
ELF5_0	2.8909795969896885	-0.007160507496767884	0.576720645454
TAF1_0	2.356981400993131	-0.024428595620424178	0.577598364882
ZEB1_0	2.4623979978989556	-0.01299838220371127	0.584280418301
TAL1_0	1.8893017025063101	-0.021572798646980165	0.585019212723
MAF_0	1.90036712865647	0.01174256800171981	0.586415931507
FOXJ3_1	2.9758911364017924	-0.0036258157269444956	0.588228270859
MYF5_0	2.332438459915605	0.016057120992285265	0.59014166666
RFX6_1	2.012837224705172	-0.025882280542668955	0.590820642333
ZN431_0	1.1903316981702914	0.05678055470637318	0.593081836499
ZN335_0	1.7958800173440752	0.03351215643797492	0.596294885475
EGR1_0	2.8441664104502005	-0.011665346662586059	0.596581467607
NR1H3_0	2.2041199826559246	-0.016086299489594943	0.598491608022
NFYA_0	2.3170181010481117	0.021792169108231483	0.598640417206
NR1D1_0	2.1958996524092336	-0.014121418041237153	0.600228903402
ATF2_0	2.0170333392987803	0.02720417870142575	0.600623913026
ELK1_0	2.041392685158225	-0.03448889249653972	0.604855184312
SMAD4_0	2.3232521001716866	-0.011408558725517947	0.606837255531
FOSL1_0	2.3293978793610424	0.019701346785581084	0.609129217081
SPI1_0	2.295567099962479	0.015486515016866976	0.611214952982
CEBPE_0	1.6020599913279623	0.02158668353689226	0.61146528039
SP4_0	3.1892094895823058	-0.007552062294581937	0.611598773087
OTX1_0	2.5899496013257073	-0.008668192491436643	0.615473451986
SP5_0	3.7523558041535003	-0.003024717324008799	0.621139639453
RXRG_0	2.5289167002776547	0.006608687969197086	0.621665335835
MXI1_0	2.086359830674748	-0.023389773856416576	0.62514660782
SALL4_0	3.0775495804517936	0.0064000837595425165	0.626584811734
MAFG_1	2.4248816366310666	-0.011945781807332714	0.631407431136
MAFK_0	2.0530784434834195	0.009275846608444743	0.635810198971
PO5F1_0	1.8750612633916997	-0.016133148470487895	0.63953443133
TBX5_0	2.28668096935493	0.009986915784835983	0.640911063763
TFEB_0	2.064457989226918	0.024580792961156898	0.641696527426
HTF4_0	2.3314272965207428	-0.012695573099432183	0.64507675141
BATF_0	1.8481891169913987	-0.02230217427563058	0.647383695534
FOXI1_0	2.131939295210424	0.022342475055527587	0.647767287597
NOBOX_0	1.9590413923210932	-0.008660621764215053	0.648784025281
GATA1_0	1.8061799739838869	-0.022569396417771486	0.64888903854
LEF1_0	2.691081492122968	-0.005075853925302111	0.657140760291
TFE3_0	1.591064607026499	-0.04102646283748648	0.667301618237
BHE41_0	1.8808135922807911	0.01630746066556629	0.670404899211
NR1D2_0	2.2695129442179165	-0.012002099421108536	0.671425969133
NFAC2_0	2.421603926869831	0.0072876346910651126	0.675246446642
ANDR_1	2.533390708017551	-0.0067235956675034715	0.677597664824
GATA2_0	2.2161659022859928	0.010135533061351534	0.678579495356
STAT1_1	2.2612628687924934	0.008920976092318861	0.679352863392
PAX3_0	1.5622928644564746	0.028477251403069868	0.679508659011
NR1I2_0	1.8573324964312683	0.022757466404874683	0.679729090225
SIX4_0	2.021189299069938	0.015863767091472362	0.681379895359
SNAI1_0	2.45178643552429	0.010571838966846426	0.685087456198
NFYC_0	2.3232521001716866	-0.0165852813355192	0.687244357816
CEBPG_0	1.6384892569546372	0.02328865900517516	0.689691573147
ETV5_0	2.8718647020881947	-0.006576460926473498	0.694488029114
ZN281_0	3.035829825252828	0.005068027289620417	0.696371480399
RXRA_0	2.56702636615906	0.00472892480585806	0.699815673389
STF1_0	2.6090605499300867	-0.00631826342106211	0.702600934394
THA_0	1.8129133566428552	-0.02001868771786924	0.703671838764
NR4A1_0	2.478566495593843	0.00633219354372631	0.707497071651
PO3F2_1	1.6127838567197355	-0.015534541544893282	0.710929932395
MECP2_0	3.4042348666534226	0.004683022206057628	0.710936180991
ATF1_0	1.8603380065709934	-0.026314683388864942	0.711363628285
ESR1_0	1.8573324964312683	0.01418286260041986	0.712945477508
MSGN1_0	1.9294189257142926	-0.016256621046158378	0.716938575233
NFAC4_0	2.220108088040055	0.006441407419551477	0.718009762577
FOXJ3_0	2.9444826721501682	-0.002501502309248876	0.718211384296
EGR3_0	1.9268567089496922	-0.019765163048366726	0.721823784399
SOX3_0	2.426511261364575	0.008967926119981835	0.724431005559
HSF1_0	1.921686475483602	0.010925706743091488	0.724634693602
ZBTB6_0	2.117271295655764	-0.016935594325620747	0.725699840923
RUNX2_0	2.2013971243204513	0.011025837725241117	0.728642461664
FOXD3_0	2.5152113043278015	0.004747228850793532	0.730543810245
ZBT7A_0	2.6454222693490914	0.008703631629450096	0.733112560851
PPARA_0	1.8573324964312683	-0.009420599240650158	0.733390623085
RARA_2	1.7781512503836434	0.01864924157506004	0.734775245081
CDC5L_0	1.716003343634799	0.011190849558946895	0.734873267059
NR1H4_1	2.2355284469075487	0.009264244663443128	0.735941456711
TFCP2_0	2.1020905255118367	0.017197221373039837	0.736820499218
TEAD3_0	2.103803720955957	-0.007756252572369584	0.738205082002
COE1_0	2.1367205671564067	0.01274829664185705	0.740199733269
LHX6_0	1.9164539485499248	-0.011693872101386959	0.740891398407
RFX2_0	1.8864907251724818	-0.020600397674579187	0.741373320754
JUN_0	2.270678836144706	-0.013805972587471179	0.744266945221
MAFK_1	1.9242792860618814	0.008238621969038146	0.753519446399
SPIB_0	2.0043213737826426	-0.012559067935136264	0.75437255737
RARA_1	2.404833716619938	-0.0066522811145223425	0.754504465169
IRF7_0	2.2240148113728635	-0.007861589576489667	0.755765279156
NR2E3_0	1.851258348719075	0.015561649233736378	0.7561605258
MITF_0	2.1789769472931693	-0.012780848802398739	0.757281898162
MTF1_0	1.4313637641589871	-0.03858981566399719	0.760147729142
KLF8_0	2.473486970064568	-0.008306308881411328	0.762229252798
PRRX2_0	3.1559430179718366	0.002024547710017931	0.762482436999
BARX2_0	2.1832698436828046	0.006965548683313467	0.763398064108
PPARG_0	1.9242792860618814	0.011033033730019254	0.763543808834
CEBPA_0	1.9822712330395682	0.00810538740668065	0.764484721728
FLI1_0	2.2889196056617265	-0.014652517697198188	0.766510631252
MYOD1_0	2.505828033854836	-0.007869306875878165	0.766831097456
RARA_3	2.2833012287035492	-0.008648447821968715	0.76868894456
STAT2_0	2.578639209968072	0.003925642249587188	0.770746040478
PRD14_0	1.8061799739838869	-0.009927162863413354	0.772908212507
REST_0	1.322219294733919	0.03506049368425265	0.773343464011
PRD16_0	2.2833012287035492	-0.00824410710046684	0.77349004726
PAX6_0	1.7708520116421442	0.01539637391541274	0.77363552878
PO3F1_0	1.8027737252919753	0.009890007442691588	0.774787035484
SMAD2_0	2.493458050995188	0.007660676727974301	0.776205747543
KLF4_0	2.672097857935717	0.007130492812558457	0.779022784148
AHR_0	1.591064607026499	-0.018032673155635167	0.780826929293
TWST1_0	1.845098040014257	-0.018868795942977492	0.781262326745
FOS_0	2.28668096935493	-0.0111820516168494	0.787033715906
USF2_0	1.8692317197309762	0.01936299299542538	0.788874646168
BCL6_0	2.049218022670181	-0.006904643791909432	0.792665430011
FOXL2_0	2.2455126678141495	0.004419779887971244	0.792805481535
MYF6_0	3.1486026548060932	0.003666164956619786	0.794563627598
TGIF1_0	2.501059262217751	-0.005376527693427651	0.798106424887
NKX21_0	2.1846914308175984	-0.007713733574977091	0.802002284522
HXA10_0	1.9590413923210932	-0.006654819443286681	0.802073571636
COT2_1	2.1643528557844367	-0.006808033882215413	0.803832527175
LHX2_0	2.084576277934331	0.006307781865179291	0.805379939004
RFX3_0	1.9444826721501687	0.01355056000579025	0.805498250471
BHA15_0	2.301029995663981	0.009719363079964159	0.806822025609
NR2C1_0	1.9777236052888476	-0.011320788394969927	0.807519555365
GFI1_0	1.9934362304976114	-0.008359709320029465	0.81325211003
ETV6_0	2.839478047374198	-0.004067868114180025	0.817233541782
AP2D_0	2.021189299069938	0.015500922389004999	0.818310554146
GATA4_0	2.2081725266671213	0.005537780139899199	0.819056937926
SOX17_0	2.1287222843384264	0.0068692071886426904	0.821841518907
ESR2_1	2.483587296968894	0.00558930789801557	0.823286712935
NR2F6_0	2.0588054866759067	-0.006820758471211181	0.823595645263
BACH2_0	1.9444826721501687	-0.010099787173968696	0.827886044818
TEF_0	1.9057958803678683	-0.006989249580672482	0.828422437787
VDR_1	2.59659709562646	-0.004014695844993695	0.828765932392
EHF_0	2.2108533653148927	-0.009142911454284638	0.831961464944
HMGA1_0	2.9761206182998152	0.0014287293237277145	0.832905240332
NR5A2_0	2.658011396657112	-0.002906743810712567	0.83457144464
OTX2_0	1.9731278535996983	0.007992675918494386	0.835000516206
E2F5_0	1.4313637641589871	-0.02638036483385672	0.837533280354
NRF1_0	2.2683439139510644	0.010453733379551886	0.839967423881
GABPA_0	2.144574207609616	-0.01191146755707764	0.841281191633
RUNX1_0	2.2479732663618064	0.0059201559369589825	0.841540361609
P63_0	1.7671558660821802	0.00817599495794551	0.841806434364
E2F1_0	2.7391766319107296	0.005247154739689872	0.842928477018
PO3F2_0	2.0606978403536114	-0.004452656526838048	0.844882799117
SP4_1	3.098989639401177	0.0032198770890917747	0.845517611363
GFI1B_0	2.0314084642516237	0.006799604000083979	0.846071928588
DBP_0	1.724275869600789	-0.0051447326499486565	0.846344744661
FOXM1_0	2.4141373621844764	0.0034971263160056307	0.846530023681
NR4A3_0	1.9822712330395682	0.006480221807256086	0.84684598575
ARNT2_0	2.0472748673841794	0.010595250335228127	0.847375270005
TEAD1_0	2.08278537031645	0.0061226599695310725	0.848264314074
FOXF1_0	2.665111737075051	0.00195599330286441	0.848563236294
ETS2_0	3.1151110355043476	-0.002180409963974017	0.850680523531
STAT6_0	2.1658376246901283	-0.005440002306240779	0.853901061627
ETV4_0	2.515873843711679	0.004754132852365107	0.854956380317
RARG_1	2.940018155007663	0.0022210947802161376	0.857469257921
WT1_0	3.571941635074462	-0.0014970605322274203	0.860423480266
HBP1_0	2.0755469613925306	-0.004946203865560359	0.861655011524
PBX3_0	2.2999429000227667	0.006998959388030555	0.863337499966
HNF1B_0	1.5051499783199058	-0.007464108676221236	0.864349403712
PIT1_0	2.1383026981662816	-0.0029824090410234786	0.86565421474
HEY2_0	1.5965970956264601	-0.016996794070975565	0.866446868815
NKX31_0	2.117271295655764	0.00416084077602492	0.866690772073
ARNT_0	2.010723865391773	-0.006790873865055388	0.866901020402
E2F4_0	2.7303784685876424	-0.004496855061850238	0.866958960088
THA_1	2.1553360374650614	0.0054402283660468405	0.870619365637
MLXPL_0	1.1903316981702914	-0.014157820643766871	0.873132805668
TCF7_0	2.7528164311882715	-0.002065791639973166	0.875886555437
STAT3_0	2.2027606873931997	-0.005151892691190495	0.876940488548
SOX10_0	2.0273496077747564	0.005254152066109161	0.87720342249
NFYB_0	2.3463529744506384	-0.006057283131464638	0.882832043883
NR1D1_1	1.5740312677277186	0.009161507087325566	0.883998711418
NFIA_0	1.6483600109809315	0.007165170090988566	0.884196720399
FOXC1_0	1.6766936096248664	-0.005997223071404597	0.884451043073
CEBPD_0	1.7817553746524688	0.004197652655386026	0.884923057363
ANDR_0	1.7745169657285496	-0.006950505899687428	0.886314208569
NFIC_0	2.4132997640812515	-0.003645078961728204	0.887427870241
PITX1_0	2.0191162904470725	0.004507827433645913	0.888761164168
PRDM5_1	2.6641717053619307	-0.0026470555118873165	0.89323677629
IRF1_0	2.246744709723841	-0.0036397239810987245	0.895864727655
RXRA_2	2.4345689040341987	-0.0023724507581076968	0.899166662394
SP2_1	2.9245377177754897	-0.0026545155996648665	0.899736928019
FOSL2_0	2.294466226161593	-0.005086622981903623	0.900545519593
NFE2_0	1.6946051989335686	-0.007440078879273015	0.903686469509
PBX1_2	1.8162412999917832	0.003611540621866138	0.904719283978
E2F6_0	2.4906606533561364	-0.004280051354232841	0.904739748209
RORA_0	2.0969100130080562	-0.0038573686019937573	0.906099232954
PRRX1_0	2.943741765831313	-0.0012041433590682976	0.906380391779
BMAL1_0	1.8603380065709934	-0.0073220093961909	0.907589578245
RUNX3_0	2.186108379813205	0.003644903717961462	0.913225897284
TF2L1_0	1.8948696567452525	0.005107390313910543	0.913365200562
AP2B_0	2.4850112145785728	0.003979456869757123	0.915450054024
TEAD4_0	1.9420080530223132	-0.0039044901503466176	0.918618048624
MYC_0	1.9294189257142926	0.00651510285864285	0.918998470895
HES1_0	1.7671558660821802	-0.007693129504153153	0.919175989657
HXA9_0	1.8662873390841945	-0.00266388973807126	0.9209500707
MXI1_1	2.302114376956201	-0.003376957746356404	0.921277749249
ZFX_1	2.677606952720493	0.0024179466598021923	0.92397172988
HXA1_0	2.20002926655377	0.0018404349458941388	0.925425380571
ZBT18_0	2.2355284469075487	0.003231910368255156	0.930213111182
RORG_0	1.8260748027008262	-0.003780942619830027	0.933639978802
HXA5_0	1.8573324964312683	-0.002710409342761813	0.935143645909
ASCL2_0	2.5687882123153467	0.0021736184037052827	0.936125162439
PURA_0	3.070037866607755	0.0010296104976172007	0.938249475268
HAND1_0	2.0569048513364723	0.0031587375543945975	0.939274980105
MEF2D_0	1.9370161074648142	0.003128869313114752	0.939881097601
GATA6_0	2.0916669575956846	-0.0022766533308295864	0.940398667451
ELK3_0	2.0773679052841563	-0.003385054877841073	0.941189752714
HLF_0	1.8129133566428552	-0.001552778626960152	0.942662289789
CEBPZ_0	2.2240148113728635	-0.003090359975740833	0.943405536453
AIRE_0	1.9268567089496922	-0.0019729466941870413	0.944750171918
SP1_0	3.674907046819129	-0.0005852674298800456	0.946186335315
ZFHX3_0	2.0737183503461227	-0.0013391338470142744	0.947680990883
NR6A1_0	2.5820633629117085	-0.0007419158139533627	0.954103798336
MYCN_0	1.9566485792052033	0.002477509599713021	0.959328938552
SIX2_0	1.9138138523837167	-0.002150864751362069	0.959451387294
STA5A_0	2.426511261364575	0.0010326530277161047	0.964285300412
CEBPB_0	1.845098040014257	0.0017151952292490005	0.965144751444
PBX1_1	2.3138672203691533	0.0017491081654926774	0.966014944834
MAZ_1	3.059374059065957	0.0006705653374296269	0.967365210854
RARB_0	2.398807730203264	0.0008746384096746831	0.969401256706
MEF2A_0	2.1254812657005937	0.0011435476285167642	0.971027482441
NKX32_0	1.9420080530223132	-0.0007688747858313302	0.972857671957
ZBT17_0	3.37254380075907	-0.00037047167746967176	0.973098366474
ERR3_0	2.117271295655764	-0.0008534779276594515	0.973642634117
E2F3_0	2.5459253293558426	0.0010972262354340986	0.975081563949
HXB1_0	1.7363965022766423	-0.0005419969558011222	0.983187082727
GLIS3_0	1.5185139398778873	-0.001552778626960152	0.984581238512
TWST1_1	2.1189257528257763	0.0007065192527756811	0.985837502494
PO2F2_0	2.1139433523068365	-0.000487626842830918	0.98764383931
HNF6_0	2.0791812460476247	-0.0003019968883735372	0.988049286252
ELK4_0	2.2479732663618064	0.0007480554253837843	0.988359062003
CXXC1_0	2.5403294747908736	0.00034234143887035577	0.990361158268
EPAS1_0	1.1461280356782377	-0.001552778626960152	0.990632772583
PBX2_0	1.8920946026904801	-0.0002369891532759444	0.992531653002
NKX25_0	2.3334472744967503	-0.00010943524048881133	0.996592085936
P53_0	1.462397997898956	-0.0003105426021154348	0.996711112491
FOXC2_0	1.8129133566428552	0.00012950928459956905	0.997696983991
EGR4_0	2.7126497016272113	-7.270315440935067e-05	0.997864763689
PO4F2_0	1.7923916894982537	8.50162284468962e-06	0.999824016764
BARX1_0	2.1287222843384264	-3.9347282987972805e-06	0.999848490142
HXC6_0	1.1760912590556811	-0.001552778626960152	1.0
MSX3_0	1.2552725051033058	-0.001552778626960152	1.0
PAX2_0	1.3891660843645324	-0.001552778626960152	1.0
HXA7_0	1.447158031342219	-0.001552778626960152	1.0
IRF5_0	1.4983105537896002	-0.001552778626960152	1.0
HXB6_0	1.6020599913279623	-0.001552778626960152	1.0
ALX1_0	1.8388490907372552	-0.001552778626960152	1.0
PROP1_0	1.8836614351536174	-0.001552778626960152	1.0
