TF	Log10Events	MDS_difference	p-value
	0	0	0
	0	0	0
	0	0	0
ZN770_0	4.2937712401144035	0.016107954739970617	3.50008910743e-12
ZN770_1	4.116175891100348	0.018480649234045073	5.60995250254e-10
FOSL2_0	3.2657609167176105	-0.09073785068114633	8.67033863423e-09
HXA9_0	2.8790958795000723	0.10535000412245271	2.11646817849e-08
JUND_0	3.21045229296202	-0.08711584966009829	2.9652229281e-07
MAZ_0	4.3317005427345965	-0.014772137790991848	4.29077417486e-07
ZN121_0	4.026533264523296	0.013683833928401909	1.1028240916e-06
WT1_0	4.0374663396435	-0.02215584781811585	2.44276924499e-06
MEIS1_0	2.7652959296980564	0.09291420670915529	3.05964014724e-06
RARG_1	3.932930142830789	0.01930434282530664	4.56794658055e-06
PITX2_0	3.9789789574442045	0.013272412332032765	5.58425272845e-06
FOSL1_0	3.295896818678989	-0.0692552571085029	6.15989165336e-06
RXRB_0	3.5691982833478133	0.0243440341639183	6.57174225549e-06
ZN467_0	4.211961072751234	-0.014076851548082388	9.98741847047e-06
THA_0	3.5155427003621216	0.021629003467710222	1.19536266094e-05
JUN_0	3.1637575239819555	-0.07697987680807107	1.43941582356e-05
CREB3_0	1.90036712865647	-0.29594531693087756	1.76149869138e-05
ESR2_1	4.118991800195975	0.015277403847859373	2.14607612605e-05
JUNB_0	3.323973605350882	-0.06196439154229984	2.20821989796e-05
VEZF1_0	4.330606524848078	-0.01195052808619164	2.4032967868e-05
RARA_0	3.4836586038374397	0.03014452449944113	2.44824933504e-05
RARB_0	3.7546540692554315	0.02047140360349003	2.47659213655e-05
FOXJ2_0	3.8297217811011612	0.016203839548243417	3.06489695134e-05
FOXL1_0	3.593784333419319	0.020839202205451737	3.14377006916e-05
ZN341_0	3.9311017456326387	-0.019483871812269394	3.88664831705e-05
MIXL1_0	2.6879746200345553	0.06094041943912616	4.54932787679e-05
ZN148_0	3.808312273973992	-0.02615692505018054	4.91217262956e-05
IKZF1_0	4.0758752952598325	0.01234327512102022	5.48847954338e-05
ZBT17_0	3.9527440240148985	-0.018907496816944678	6.85251829591e-05
PURA_0	3.596652066132439	-0.03127265249415105	7.41248849351e-05
BRCA1_0	3.2780673308886623	0.041096365405321994	8.36228896248e-05
HAND1_1	3.9987387162558177	0.019162709542827627	0.000152118841273
SP2_0	3.9768770493834436	-0.02417423291610195	0.000154441541926
HMGA1_0	4.087692704811194	0.010720090053111772	0.000201649597942
STA5B_0	3.052116550549998	0.04826351210583443	0.000259264158346
E2F8_0	2.7151673578484576	-0.06412874375429237	0.000348377858201
FOSB_0	3.181843587944772	-0.058474036101503715	0.000622913709653
LMX1A_0	3.2577985291530305	0.018525956260688127	0.000626459440479
ZNF8_0	2.762303363287768	0.06710477263853093	0.000693168295918
PO5F1_1	3.1925674533365456	0.02923991590385094	0.000857823826998
FOXG1_0	3.8109042806687	0.012416194916654506	0.000861951951165
P73_0	2.7547304690237535	0.08156681713324974	0.000868870019478
PATZ1_0	4.113124102016226	-0.014759241646296677	0.000879112700206
TBX15_0	3.8722728462242046	-0.01816063784185067	0.00117300305435
HXD12_0	3.2996162399984126	0.02319405769054179	0.00123485365063
HXD11_0	3.5046067706419537	0.019859713228694943	0.00125549061015
ZNF41_0	2.3856062735983117	-0.08203788766797153	0.00146504122953
ZNF18_0	2.6133131614554594	0.07332674101948461	0.00152091956824
PO2F2_0	2.9235030669421045	0.03705349030648601	0.00161882425058
SCRT2_0	2.529558673021163	0.09463346816134939	0.00173821371691
EVX1_0	2.673481697073347	0.07116038304018855	0.00190192482974
KLF15_0	4.000499151696942	-0.015437970969833697	0.00210638748041
ANDR_1	2.616475513888565	-0.05578827753498376	0.00237884014472
ETV4_0	3.386766415717313	-0.03296647713475369	0.00238585752937
MYBB_0	2.9014583213961123	0.048651231365860484	0.00242454912301
PAX5_0	3.8665236255328432	0.010518549766303708	0.00285567202619
LHX4_0	3.1929853790931624	0.021335017096952506	0.00290904463694
PRRX2_0	3.9590891143673916	0.00969116786715155	0.00307075664849
FOXO1_0	3.195761320036061	-0.031155062554502972	0.00321189652776
LEF1_0	3.3774883833761327	-0.022751787688266998	0.0036555697416
TF65_0	2.718501688867274	0.05482728337650421	0.00389045425851
SP3_0	3.9898945637187726	-0.017703401739666298	0.0042996614467
PO3F3_0	3.4818724103106633	0.01267763620294513	0.0046333062407
PAX4_0	2.8540022331269888	0.029302773258862568	0.00522861573251
MEIS3_0	2.7690078709437738	0.03822670802729506	0.00532663638492
EHF_0	2.984302231979903	-0.05205124454623915	0.00590306184359
CUX2_0	2.9296743179485873	-0.03164652344262917	0.00631511364126
IRX2_0	2.701136066092526	0.05333757560014757	0.00639328736195
FOS_0	3.0618293072946985	-0.05325165951594597	0.00651606049392
ELF2_0	2.7279477095447966	-0.07904131347700889	0.00677774497488
SNAI2_0	3.449401252996221	0.020442744838923787	0.00681543989246
ZN549_0	2.2095150145426303	0.08331003621709303	0.00684907880964
EVX2_0	3.07554696139253	0.03381818044131546	0.00692366007786
GLI1_0	2.617524534886292	0.05675226384846421	0.00739042431687
UNC4_0	2.6536947953150816	0.03137133023229044	0.00764622302863
PBX1_1	2.553276046137099	0.03715488202865333	0.00816342545345
HIF1A_0	2.488550716500444	0.08173361010781434	0.00865040329764
RELB_0	2.7756104480063604	0.04411401393274826	0.00904019235395
ERG_0	3.351796306897023	-0.029621646003997738	0.0102264123845
ZNF85_0	2.5263392773898437	-0.05381021456110018	0.0104340880405
ZN214_0	2.7172543127625493	0.047076792778031104	0.0105985376015
P53_1	2.707570176097936	0.06095147085187651	0.0110738623839
ZN260_0	2.8645110810583914	0.039049997831879055	0.0111282526801
VEZF1_1	3.820628316834088	-0.013582711906649421	0.0111529205734
ZN335_1	4.182842458558692	0.00829865461623344	0.0112056167471
SPDEF_0	2.573451822035485	-0.06502807064435982	0.0114171173126
ZN250_0	2.4305587695227575	-0.05206436870734161	0.0115669353481
LHX3_0	2.894592947922955	0.025567076865253245	0.0121234878343
GBX2_0	2.899273187317603	0.02223759951842366	0.0123834997721
HMGA2_0	1.9845273133437924	-0.09919212596376907	0.0124616205675
MYBA_0	2.4345689040341987	0.07587286488730424	0.0125158843864
BHE41_0	2.515873843711679	-0.06981907757883177	0.0129354341103
LHX9_0	3.0380237400451575	0.01983221924561217	0.0130915351716
ZN382_0	2.276461804173244	-0.04853562425180549	0.0131462138021
KLF12_0	3.4520165659625475	-0.03162393406051407	0.0132225241033
ZN394_1	2.917768002447756	-0.03365094463650528	0.0138234108456
NR2C1_0	2.698535492562001	-0.05231597928547502	0.0143124221933
TAL1_0	2.7234556720351857	-0.06184394369043149	0.0145059575324
ZN263_0	3.8327643049405307	-0.013113946625853178	0.0160575292312
RX_0	3.1161094140633443	0.019677170714297972	0.0160983828451
SP1_1	3.472537053262077	-0.029476193538832924	0.0169292641824
PRRX1_0	3.7034633418832925	0.012773900126364838	0.0187740197911
ZSC22_0	3.173040507551062	-0.030005215325427288	0.0192301057465
MESP1_0	3.483016420144132	0.01729195914044709	0.0192657391184
UBIP1_0	4.456753081211508	0.0059370711116229335	0.0211415137083
BATF_1	2.7347998295888467	0.046973406089630104	0.0212723624301
MAFA_0	2.7615519885641815	-0.04534936275758611	0.0215771321948
ZN394_0	3.753276570184418	-0.0095852244534084	0.021600027584
STA5A_0	3.1765253365349997	0.027319938255925238	0.0230758313588
MGAP_0	1.8864907251724818	-0.06491465809199955	0.0232383338631
FLI1_1	3.3850697763319344	-0.024958061904361412	0.0248236759237
P63_0	2.633468455579586	0.06938811062411511	0.0250277204542
NKX25_0	3.6054666641353714	0.016207114707835004	0.025447287973
PRDM6_0	3.989227273730537	0.007021967233660531	0.025986331868
HXC8_0	2.5178554189300284	0.04171478839793942	0.0266538677615
FOXF1_0	3.368379871623801	0.014497512392474874	0.0268247494492
MEF2B_0	3.040800061256529	0.02545490889478416	0.0268905230098
CEBPB_0	2.9420080530223127	0.023624767296398907	0.0300159628293
ZN134_0	2.1287222843384264	0.07816136244832685	0.0305730717219
VSX1_0	2.8825245379548803	0.021025570715084062	0.0312112742056
SP2_1	3.453929592057728	-0.026285390844931162	0.0312334594277
CEBPD_0	2.8765065042658806	0.02602597266061529	0.0314447637641
HXB1_0	2.5327543789924976	-0.041625855831452244	0.0319015987312
OZF_0	2.8280150642239765	0.035113754851844314	0.0328662696074
IRF2_0	3.181843587944772	-0.019667706578807124	0.0331846780781
HES1_0	2.5722906061514172	0.05497364762612257	0.0342014177763
FOXJ3_0	3.613524702853652	0.009785397951850896	0.0353959824706
NKX32_0	2.673481697073347	-0.033068733773540304	0.0365064945283
ZN317_0	2.4593924877592306	0.031029947435349228	0.0374118192442
SOX10_0	2.7630534402996143	-0.03896836314440197	0.0374188705219
PAX7_0	2.0273496077747564	-0.038974698896429745	0.0374625272636
EGR1_0	3.528466754056201	-0.018877769018156427	0.0380491535834
THA_1	3.5068431363393504	0.011740664838792691	0.0384636376592
BCL6B_0	2.0755469613925306	0.0707464123924307	0.0404050178232
SPI1_0	3.0856472882968564	-0.028245470723507766	0.0428900968804
DUX4_0	2.473486970064568	-0.03231823209097808	0.0432069937178
TCF7_0	2.712228669619535	-0.032797064118120875	0.0440362313161
E2F3_0	2.6848453616444123	-0.04803860086904531	0.0443318248328
MEOX2_0	3.01262635095405	0.01795040099450455	0.0444450643172
BHE40_0	2.6190933306267423	-0.03740203225856065	0.0445353010823
CTCF_0	2.847572659142112	-0.052451010650647514	0.0446583152515
XBP1_0	2.1522883443830563	-0.09893601417689395	0.0448100303276
PO4F2_0	2.616475513888565	-0.03592637036020686	0.0455965918194
SPIB_0	2.9057958803678683	-0.03363202002741672	0.0459613912888
P73_1	3.164798819693455	0.02494349027294208	0.0465282594216
THB_0	3.3347552398696703	0.01334172833962789	0.0465739906464
MEF2D_0	2.938269483462911	0.025153656478510016	0.0475076605407
CDC5L_0	2.4727564493172123	0.028674400521320698	0.04784502948
TF7L2_0	2.6665179805548807	-0.0455057155821853	0.0481250094584
ZBT7A_0	3.404833716619938	0.016193241704582983	0.0499800962086
NKX28_0	2.7756104480063604	0.03090831774995113	0.0504874692818
HMX3_0	2.681241237375587	-0.03137650651011288	0.0505732367556
CLOCK_0	2.6937269489236466	0.039186947141739883	0.0520867946563
ALX3_0	2.660865478003869	0.022728170486753914	0.053513903148
FOXD2_0	2.9011857801371503	0.016281788044240738	0.0553054283821
HBP1_0	2.8808135922807914	-0.026023939456819568	0.0553437233026
MAFK_1	2.5384480517102173	-0.061811989663970016	0.0567643206215
TBX3_0	3.363141709697949	0.013830792373683126	0.0595718073525
RUNX2_0	3.0071073829740573	-0.02593339265694439	0.0601007432783
GRHL2_0	2.426511261364575	0.05928793295471828	0.0608618362013
ZN136_0	2.404833716619938	0.039804402906972805	0.0613903323177
ELF1_0	2.751663946260986	-0.05172203052012454	0.0638391924675
ETV6_0	3.606220087217347	-0.015040805783055127	0.0660558574779
E2F7_0	3.14160653011825	-0.029472928140256222	0.0661751059165
GSX1_0	2.8825245379548803	-0.01907894217573621	0.0661956108555
MEF2A_0	2.996949248495381	0.02179088526048017	0.0662263186886
SP4_1	3.634930473325185	-0.016427150799527907	0.0666638735541
ETV5_0	3.6048198309783372	-0.01400573536864143	0.0677097850919
RAX2_0	2.945960703577568	0.020786257498199328	0.0683352994569
ETV2_0	3.0572856444182146	-0.030607335224079813	0.0706749905267
REL_0	2.725911632295048	-0.03331320103100964	0.0709160622769
HXC12_0	2.875639937004168	0.02229644131088068	0.0721829714488
MAZ_1	3.656481515790498	-0.015053342394419677	0.0725961829167
ZN418_1	3.0824263008607717	-0.019089336526510074	0.0756258484152
SOX4_0	3.1698213288621364	-0.01990624980664044	0.076052634682
SP1_0	3.6412757572319125	-0.017506425245047936	0.0766172990203
DMBX1_0	3.040404528914159	0.013189828706493585	0.0796037783913
NR4A1_0	2.9708116108725178	0.021210676500977934	0.0801298465517
TYY2_0	2.305351369446624	0.08428526210425556	0.0808109372849
COT2_0	2.9735896234272565	0.023362145048534438	0.0808775894371
WT1_1	3.557206339765531	-0.012820108805669446	0.081902811278
TBX5_0	3.4115355322093266	0.010864236235785666	0.0835444498061
SP4_0	3.7117228918272342	-0.014766591348047796	0.0845102723144
FOXA3_0	2.872738827472668	0.02514230966533555	0.0851501177702
ZN768_0	3.0665122778565954	0.018348941095127202	0.085880308821
ELK1_0	2.436957330669449	-0.07187769457183447	0.08728531337
MNX1_0	3.23792056635038	-0.011521408043531781	0.0872882147097
ZEP1_0	2.6946051989335684	0.0314124200924113	0.0888252472403
HXA13_0	2.8397921844453293	0.026862539546162908	0.0892820259727
NFKB2_0	2.7481880270062002	0.030469248895452963	0.0898535131055
KLF16_0	3.8291750739170873	-0.010670264727340272	0.0917994857592
HIC2_0	3.1156105116742996	0.020908434816656978	0.0933174705203
HXC9_0	3.048635988432648	0.021813421220269007	0.0940409858699
ZN134_1	2.1746411926604483	0.04580974823882175	0.0974651880657
ZN263_1	3.6320014994384238	-0.01255740667314008	0.0982188595779
TBX4_0	2.3891660843645326	-0.02217064157360923	0.0983484152012
MEF2C_0	3.0122042960307427	0.018979757994197346	0.104122626374
RUNX1_0	3.0447356974505064	-0.021776764330242674	0.105730631304
HNF1A_0	2.5854607295085006	0.028730452349796345	0.106109780438
STAT1_0	2.6278776945799716	0.03955871041911553	0.109739316942
ETV3_0	2.442479769064448	-0.04253120544398188	0.10996438377
NR2E1_0	2.2265999052073573	0.048715913311748016	0.110911932485
DLX2_0	2.9498777040368744	0.014188275929988019	0.111509548858
MYF6_0	3.902002891350729	-0.009313562945073533	0.113197029426
NOBOX_0	2.608526033577194	-0.027679869322950214	0.113897058631
NR1H4_1	2.952308009662125	0.024100608714248264	0.114996355655
SMAD4_0	2.847880997445375	0.029157643172082536	0.115727370129
AP2D_0	2.8808135922807914	-0.028216645844608663	0.116075608979
NR1I3_0	2.436162647040756	-0.03606742510176623	0.118200698725
ZN335_0	2.5269850685599953	0.04428238647397602	0.119331089221
PAX1_0	1.6334684555795864	-0.08909012910794781	0.119443440893
ZFP28_0	3.25971330539073	0.011089721703149992	0.119582878515
HES7_0	2.2516382204482115	0.028380204792352825	0.121307907878
ELF3_0	3.098470665650629	-0.02357534167456073	0.122411232748
GABPA_0	2.5384480517102173	-0.05742944271667934	0.123298129121
PO6F1_0	2.301029995663981	-0.04460761935561594	0.124575673153
PPARA_0	2.691081492122968	0.035385220761300226	0.124884765997
GSX2_0	2.919339636787413	0.01125650210628724	0.126771504983
NANOG_0	2.6622855157221297	0.023814329901589538	0.130216176981
NANOG_1	2.8058405488146727	0.02257178216901524	0.131110572831
HXD13_0	2.8162412999917827	0.017495119559271553	0.13121617608
TBX1_0	3.4037209086266897	-0.014747876626619931	0.134087760922
BC11A_0	3.5026319275722426	-0.010464846239890706	0.135656840694
ATF1_0	2.374748346010104	-0.06199790631680026	0.136663118089
OVOL1_0	2.7481880270062002	-0.024242020227580877	0.138632313391
ALX4_0	2.1003705451175625	-0.020231031216591856	0.138721567689
ELF5_0	3.3275632601872775	-0.01703545657114754	0.140682038168
ZN281_0	3.577204473011063	-0.011799771164639915	0.144900625937
STAT3_0	2.9347508746635786	0.02515906926354251	0.145076230051
CDX2_0	3.077367905284156	0.017687810102784498	0.149237634857
TBX21_0	3.00389116623691	0.020121395585285872	0.150449711816
PAX6_0	2.4969296480732144	-0.03612701641950773	0.15057508916
ZSCA4_0	2.3521825181113623	-0.03912337076110531	0.151646542385
NR2C2_0	2.705007959333336	0.03423997119215373	0.151895935171
FOXJ3_1	3.607669436688242	0.00691426840295249	0.153369917653
ZBTB4_1	2.1673173347481756	-0.04725484074040137	0.15370417331
ZN563_0	2.66698571832966	-0.03509523267873148	0.153924895355
SOX10_1	3.4127124827451008	-0.011142848792322775	0.155014167736
PIT1_0	3.0549958615291413	0.012006685326442014	0.160249909422
HLF_0	2.2504200023088936	0.03728635776147128	0.160652840533
CEBPA_0	2.9429995933660402	0.015892123423308698	0.160741960506
FIGLA_0	2.7737864449811935	0.020934717379497304	0.16222315042
ZN410_0	1.556302500767287	-0.0836801946657553	0.16269901524
NR1I2_1	3.526533115590742	-0.00972158455757863	0.164274500984
ZN418_0	2.8247764624755454	0.029905608805270528	0.164369013255
BACH2_0	2.7079957464229287	-0.04217013172498303	0.164715468944
EMX2_0	2.851258348719075	0.016095438190724006	0.168593122283
BARX2_0	2.991004440330755	0.014970479755006578	0.169251231514
SALL4_0	3.635935901443889	-0.00953151149822873	0.16959175734
NR1H3_0	2.56348108539441	-0.030349103597601238	0.1710919818
MAFK_0	2.220108088040055	0.06398786010169093	0.172574581083
ZIM3_0	2.735199548422313	-0.022538508863658272	0.173292614201
NFE2_0	2.650307523131936	-0.04458710484090929	0.17341014293
TBR1_0	2.3242824552976926	-0.02521755412764307	0.175045458518
GATA1_0	2.8555191556677997	-0.02727324242284092	0.175713045658
LHX8_0	2.5763413502057926	0.0190738083767812	0.175969343135
ZN490_0	2.0986437258170567	-0.023851174926249632	0.177835547992
NKX62_0	2.9365137424788927	-0.013864023641095855	0.178308404058
ZFP42_0	2.6079908585471747	0.041745270769441886	0.18312581226
ELK3_0	2.855216194733363	-0.030269099739933875	0.185705696689
ONEC3_0	3.0605089756052974	0.01203962874331113	0.187208327119
GATA6_0	2.9749719942980684	0.022171827362737328	0.188243937159
TAF1_0	3.464861980766034	-0.0128998001637861	0.189018432013
COE1_0	2.91301868374796	0.0228847626149954	0.190608139551
FOXF2_0	3.058426024457005	0.015711018526398345	0.19063991203
RXRA_0	3.3543005623453594	0.012227040578954072	0.190656286376
ZN219_0	3.1562461903973444	0.014412920152702095	0.194251667956
ANDR_2	3.3745650607227646	-0.01143362769451896	0.194491807673
GSC_0	2.3673559210260184	-0.03166355443334744	0.19500144969
ESR1_1	3.2772653094568445	0.012746527623035948	0.196678812224
NFAC2_0	3.363235804483694	-0.010769643645207412	0.197681044348
ONEC2_0	2.7067177823367583	-0.023448955941066805	0.202815584981
HNF1B_0	2.4031205211758175	0.03089678833228032	0.203446468474
CEBPE_0	2.4297522800024076	0.02739559936834494	0.203996265818
OVOL2_0	2.4807253789884878	-0.029954022126791383	0.204021878034
NKX23_0	2.716420733846555	0.024849723031261702	0.205416487845
ZN320_0	2.6389881593436817	-0.022691107838462583	0.206380929831
HXA1_0	2.905256048748451	-0.010859676346438347	0.20717034519
SMAD2_0	2.9464522650130727	0.018996666945589335	0.207958854845
KLF1_0	3.5848398652399247	-0.012823969093002057	0.208654055054
ZNF41_1	2.7927417858347483	0.0185932501327877	0.20906445424
ZN547_0	2.051152522447381	0.039179255466422105	0.209191944552
ISX_0	3.1149444157125843	-0.010009601127173315	0.210172832245
NF2L1_0	3.8767661376282336	-0.006727031014317765	0.211691087391
ZKSC3_0	2.0	-0.05244391637065347	0.21650773924
BRAC_0	2.672097857935717	0.0187394356780794	0.217762553288
NR1I3_1	3.424636664650197	-0.009301146813496504	0.2181261661
BRAC_1	2.7478000908643683	-0.016477369741728375	0.218661084962
SOX2_0	3.3034120705967416	-0.011476261879096202	0.218702183856
OLIG1_0	2.214843848047698	0.04177956267187835	0.221881211741
CREM_0	2.477844476338758	-0.046017816518948054	0.222732086764
P5F1B_0	2.7201593034059566	-0.017804242990752995	0.226701965327
TGIF2_0	2.5998830720736876	0.02673120195253786	0.231552077636
ZN502_0	1.6989700043360185	0.046847723362162724	0.232326511002
DLX3_0	2.6884198220027105	0.017039733502726164	0.232734799624
CR3L1_0	2.064457989226918	0.06214617163305193	0.233421001175
EGR2_0	3.7733841341771543	-0.007395073852795796	0.235469305191
SOX2_1	2.7528164311882715	0.019792670571815812	0.23576869656
FEZF1_0	3.0068937079479	0.013513194085469261	0.235961042987
GATA2_0	2.852479993636856	-0.02336747667546767	0.240313649513
PO4F1_0	2.672097857935717	0.018823247837687195	0.241055603286
ZN708_0	2.1903316981702914	0.04431547704188395	0.24300143875
PO3F2_0	2.5932860670204567	-0.01996869294534524	0.243729185806
ZBT48_0	2.6454222693490914	0.028029672147322503	0.243851038037
ZN333_0	2.296665190261531	0.03283428867337258	0.24458089313
ANDR_0	3.329804522164069	-0.007731695125406364	0.24782261243
MEIS2_0	2.620136054973757	0.024373698495491227	0.24807660299
STAT4_0	3.195484523033764	0.014222755089743534	0.248322161539
TBX19_0	1.6989700043360185	0.022809261823701184	0.252088550233
ATF7_0	1.7671558660821802	-0.07449168284566453	0.253100791894
FOXB1_0	2.5569052690554477	-0.012574155382145928	0.254647703018
ZFP82_0	3.290813415560803	-0.009194808162240832	0.25670967906
ZN350_1	2.3394514413064402	0.03594564235138607	0.261657368455
PTF1A_1	3.214578953570499	0.013592934566467303	0.261737034606
TFDP1_0	2.825101411598003	0.024964256021462444	0.264682456294
SOX18_0	2.7944880466591693	-0.019810333614226964	0.264869996363
TBX2_0	3.1115985248803937	0.007401348966602708	0.265221159617
THB_1	2.629409599102719	0.026901528780045824	0.265818490128
IRF3_0	4.190037398989312	0.002815195090581623	0.265849904726
E2F4_0	3.164501561309568	-0.017519064379007677	0.268201816916
NFIC_1	3.1616674124377355	0.015239562307689592	0.268830143075
PO2F3_0	2.681241237375587	0.017100679545789862	0.271425890478
RUNX3_0	3.0242803760470793	-0.014575396528699104	0.272528628443
NKX61_0	2.8624295561060085	-0.011811520492846271	0.272875295822
MXI1_0	2.681241237375587	0.028020598683373848	0.273495550139
MLXPL_0	1.9890046156985366	0.05649244167772051	0.28071804446
THAP1_0	3.0616409340616855	-0.019219857722595008	0.281134420034
FOXO3_0	3.0425755124401905	-0.013753640988262263	0.283594473358
HXA5_0	2.6216954623292787	-0.017771015648732135	0.286970721958
NFYB_0	2.839478047374198	0.02681021205896104	0.288194563112
PHX2B_0	2.6730209071288957	0.013994781529364486	0.299418245357
ZFX_0	3.2062860444124324	0.014269273473142037	0.300703284236
ZN554_0	2.8185557792978027	0.01930604477194218	0.302231543687
PPARA_1	3.085112113266837	0.01121776876725336	0.303480053484
NKX61_1	4.228618477861831	-0.0027310403778706993	0.304284470655
SNAI1_0	3.324076579739486	0.010507463056264278	0.305271669728
PAX3_0	1.5854607295085006	-0.02672453771009835	0.305354044121
MECP2_0	3.9968180218795153	-0.0058022014060429995	0.30560755185
ISL2_0	2.760422483423212	-0.014292247281385744	0.306902743235
MYOD1_1	3.0380237400451575	-0.016026717107936673	0.306979543544
PDX1_1	3.0546130545568873	0.008100964503044315	0.307875078769
TWST1_1	2.700703717145019	-0.021313557191167624	0.30810407903
DBP_0	2.68708284460437	0.013710766829094818	0.309114608066
ZN329_0	2.2855573090077734	-0.021550650756185567	0.315885885718
BHA15_0	3.124178055474675	-0.014628164138314958	0.316561800979
FEV_0	2.6185710281201295	-0.030782026406141267	0.321358415483
PRGR_0	2.5440680443502752	-0.019924935677110237	0.321360924226
NR4A2_0	2.780677274433368	0.015553436309870826	0.323150379909
TBX20_0	2.4712917110589383	-0.02486509960904951	0.323217124467
HXB2_0	2.5024271199844326	-0.02201674550230615	0.324060005314
MCR_0	2.5622928644564746	0.017378701664219242	0.329451346879
ZN264_0	2.3918169236132485	0.022556836120787797	0.330593571867
ID4_0	3.3863205738940456	0.0059570225533781326	0.331325001226
SMAD1_0	2.9840770339028304	0.015426884873812092	0.333752905357
P53_0	2.4807253789884878	0.038045877187211405	0.333776240736
PPARG_1	3.0722498976135144	-0.012109407132292362	0.334474354267
BCL6_0	2.7391766319107296	-0.017900995675962917	0.334787700843
CREB1_0	2.297760511099134	-0.04465015445990324	0.335661317434
RARG_0	2.7118072290411908	-0.019095857991476024	0.336225598459
PDX1_0	2.704150516839799	0.011451367210549178	0.338683209834
GFI1_0	2.8530895298518653	-0.013346172009751219	0.338869544904
MAFG_1	3.1156105116742996	0.013548744071100195	0.338901590049
RARG_2	2.7118072290411908	0.01760516589587417	0.340013574943
RORA_0	2.774881765818796	0.016692552446122232	0.342433978007
BATF_0	2.5899496013257073	-0.024581570955871535	0.34294114519
PO6F2_0	2.7079957464229287	-0.01512159407827464	0.344243108676
SOX7_0	1.9731278535996983	0.029487583502022862	0.344681242884
IRF8_0	3.0132586652835163	-0.012113419310067973	0.346156852236
CRX_0	2.553276046137099	-0.01767968968299957	0.346222812645
HLTF_0	3.0328201494385634	0.013330747947246408	0.346764108245
ATF2_2	2.187520720836463	-0.050514334411287456	0.347616368971
HEY1_0	2.437750562820388	0.018536099375846684	0.347861410766
FOXK1_0	3.1621161410623677	-0.008940964379363607	0.34845655455
PBX1_0	2.97428135887783	0.01417970525530987	0.350028242993
HXA11_0	3.219715475855501	0.006244209103218717	0.352531919556
CDX1_0	3.404662700873722	0.006244268436441802	0.352863839455
NFAT5_0	3.682776646314434	0.005800240421622553	0.354479085473
GCM1_0	2.2479732663618064	0.02822334494728151	0.354510532701
COT1_0	3.1931245983544616	-0.010700262410227925	0.3550588472
KAISO_1	1.8920946026904801	-0.07395237160459896	0.355977370843
MAFF_0	2.494850021680094	-0.02920654571261107	0.357048594029
OLIG2_0	3.027145665774341	-0.011811777730830976	0.360043123032
CR3L2_0	1.9777236052888476	-0.04986515678094998	0.360617144333
RXRA_1	3.4456042032735974	-0.0061042540389672165	0.360678618979
HNF6_0	3.040008636013541	0.008936706588808697	0.363686859908
E2F6_0	3.4020033090697046	-0.008913687913805772	0.366480920485
ZN554_1	3.0176592742837647	0.01470137590417704	0.367076156379
EGR3_0	2.6232492903979003	0.02275072982803365	0.368763923464
PBX3_1	2.8305886686851442	0.018440877914032854	0.369807706853
HSFY1_0	1.6180480967120925	-0.02142150740706805	0.371422277457
MYOD1_0	3.199892243526319	0.012154524091735659	0.373583624547
HES5_0	2.3521825181113623	0.01590661018420744	0.37624881229
HOMEZ_0	2.1351326513767748	0.015539699489483678	0.382150872434
TGIF1_0	3.5656707603785174	0.006270836048589716	0.382942588181
ZN784_0	2.477121254719662	0.019323022036091538	0.383196530287
RFX2_0	2.3314272965207428	-0.02996550351790907	0.384575559864
HXC13_0	2.4563660331290427	0.017462761605263947	0.385426612022
ATF6A_0	2.1089031276673134	-0.04247172173652304	0.388772111445
TFAP4_0	3.0509594597716507	0.011390350040373127	0.391860310289
KLF6_0	3.876102321377793	-0.005617158824585787	0.392980264448
NR1D1_1	2.3774883833761327	-0.02063036816656171	0.393739483061
CREB5_0	1.8027737252919753	-0.052749050831385674	0.394235937925
HESX1_0	2.273001272063737	0.034128972264014665	0.397278423236
ARI5B_0	2.752432609261474	-0.01171332228670969	0.398135607531
GRHL1_0	2.6893088591236203	0.019099891025722803	0.3995400776
ERR3_0	2.6725596277632757	0.014454838574651017	0.401400359656
ZN589_0	2.5092025223311025	0.02302893137871818	0.402500413801
GATA5_0	2.7660408603813886	0.00977778712555982	0.405191694833
RFX3_0	2.455606112581867	0.024536062103840194	0.405599132255
ZN436_0	2.622214022966295	-0.01658647277345521	0.405930147191
TEF_0	2.7126497016272113	0.013728702068731542	0.405931795467
TEAD2_0	2.8397921844453293	-0.015326961313651398	0.40880524477
SOX21_0	2.375663613960885	-0.016920616141470893	0.41021881945
ZN652_0	2.497620649781288	0.01699500086324376	0.41303909705
ZN274_0	2.144574207609616	-0.03847469231739582	0.413381458933
HXA2_0	2.691523522168154	0.011220296489175626	0.414411569705
AP2A_0	2.994976673649691	0.012541645100608496	0.416844788085
TEAD1_0	3.010723865391773	0.011245215471435309	0.419226857721
ZSC16_0	1.9493900066449126	0.03399920456704199	0.420078548456
ATF2_0	2.7271344237604884	-0.01903223001779066	0.421494836415
AP2B_0	3.1958996524092336	0.011307572281415308	0.422727080408
RFX5_0	2.461648568063455	-0.024264316771616518	0.426831537889
ZEP2_0	2.590507462008583	0.018500617957248094	0.428097466803
MSX2_0	3.524266268766979	0.004695526807808518	0.432762360683
MAX_0	2.4191293077419753	0.023126862836452124	0.432932202347
MAFG_0	1.9319661147281726	0.042029314548908556	0.433070046111
HEY2_0	2.6473829701146196	0.01446708494047391	0.435503098618
TBP_0	2.72222246396973	0.013779252223968306	0.435847312677
FOXA2_0	2.8984509191983743	0.011653165738090663	0.436991694996
TF7L1_0	2.86391737695786	-0.01297026301931581	0.438235517896
FUBP1_0	3.6464527408929372	0.003636769720986093	0.438403918649
SRBP1_0	2.98833595585605	-0.010795412752888965	0.441902076384
ELK4_0	2.3692158574101425	-0.03511856628435979	0.442469055865
BHE22_0	2.4623979978989556	0.01825712848387016	0.442778216053
BARH2_0	2.727541257028556	-0.010408719099235209	0.449383743503
NR2E3_0	2.7193312869837265	0.011183972926549266	0.450550805879
FOXC1_0	2.588271706842329	0.01962910864354801	0.451619143764
TEAD3_0	2.9412629093189495	-0.010668049616951504	0.456095793947
MSX1_0	2.632457292184724	0.010980239317822783	0.457109096217
ZN331_0	2.3502480183341623	-0.025795709195062955	0.457576592062
ZN341_1	2.822494985278751	0.015438673034515111	0.45793244934
HME2_0	2.4756711883244296	0.015272040980028724	0.460257419365
ARX_0	2.5165353738957994	0.010784793916880335	0.462325072347
EMX1_0	2.796574333210429	0.008807680971700716	0.463704082236
PHX2A_0	2.405687786672777	0.014775523214645534	0.465138224766
ETS1_0	3.083681747274301	0.012439606993246628	0.467736773142
GLIS2_0	1.7817553746524688	-0.0327801733447389	0.468243535295
VAX1_0	2.3473300153169503	0.013814362641886116	0.471413075665
EOMES_0	2.8642143304613294	-0.009371539317568478	0.472293263337
HNF1B_1	2.5276299008713385	-0.015288930542249142	0.473442187157
GCR_0	2.547159121327417	-0.013611464128251977	0.474687373498
KLF4_0	3.333044029823487	-0.009883697606593538	0.474703278796
KAISO_2	2.6848453616444123	0.01814802901677302	0.475455554481
MYC_0	2.5269850685599953	0.017844472083926043	0.477454203253
KLF8_0	3.251394850040104	0.008376207703124373	0.47851938873
HXA10_0	2.7547304690237535	0.010763130665627228	0.480807017443
GBX1_0	3.1789769472931693	0.004865360517593937	0.483283312517
ZN143_0	2.5943925503754266	0.0223074856181306	0.486152755804
ZKSC1_0	2.8058405488146727	0.009183117141774352	0.487320998804
RREB1_0	3.2992893340876797	0.005639884150704237	0.487711347891
E2F5_0	1.8195439355418683	0.0550136246250789	0.491713157578
KLF9_0	3.225955072896014	-0.0113168768300609	0.491946304759
TEAD4_0	2.9647309210536292	-0.010243228634090234	0.492505392603
MAF_1	3.040008636013541	0.010538809960763324	0.493983707424
SRBP2_0	3.2099169530089915	0.007650302507684488	0.498247166087
FLI1_0	3.8078731320033317	-0.0032221009134104106	0.501399366204
SPZ1_0	2.290034611362518	-0.022964587246966917	0.501493708697
NR1H4_0	2.5848963441374497	0.018409545787156516	0.503551393187
FOXO6_0	2.589391023136933	0.010233128279825704	0.508717941398
GCR_1	3.1699681739968923	0.0065277607782516355	0.508876604672
ZEB1_0	3.4367190782275756	0.005802750749393513	0.510150996271
ESX1_0	2.8926510338773	0.006231575475241195	0.510157795276
FOXA1_0	2.990116766067904	0.008183575060912314	0.51080260586
MYNN_0	2.5263392773898437	-0.01204107465946848	0.510861275195
TFE3_0	2.014940349792936	0.04533078102932274	0.513289193073
NFIL3_0	2.555698894718901	0.007983062818346863	0.515236329151
RARA_1	3.0047511555910007	0.008453620214073877	0.515507757541
PPARG_0	2.770852011642144	0.012248037571604182	0.518733432354
ZN524_0	2.20002926655377	-0.023887425610756897	0.518895629098
SOX15_0	4.037067758042557	0.002631394002353652	0.519758753047
LHX2_0	3.0742677425533573	0.0064491849278725585	0.52095498924
NKX22_0	3.9533488742309113	0.003210187439756302	0.521078025167
STF1_0	3.1157768761589626	-0.006547611152376289	0.522677409014
MAF_0	2.816572696026103	-0.010128750867832633	0.524978097443
HMX2_0	2.9022749204745013	-0.007777675710419077	0.525570698739
TLX1_0	2.726727209026572	0.013737423898703123	0.525760827425
HEN1_0	2.416640507338281	0.023103721243635866	0.528055820945
ZN140_0	2.4199557484897576	-0.01214969649292136	0.528161792331
SCRT1_0	2.144574207609616	0.01945885028642563	0.528729748771
EGR4_0	3.388988785124714	-0.0075030286677424	0.528979738363
INSM1_0	2.3673559210260184	-0.018347695382672866	0.529430684686
ZN816_1	2.718501688867274	0.011427567967463787	0.529795457965
EVI1_0	2.3719909114649145	-0.014893167326096387	0.532811334188
KLF5_0	3.523160944988602	-0.006054082973954532	0.535831383771
HXB3_0	2.9344984512435675	-0.005613642037159529	0.537856295949
SOX11_0	2.1383026981662816	-0.017790385012061174	0.54019663057
FOXM1_0	3.0728011494098486	-0.006774879525146051	0.541425623065
VSX2_0	2.403977963669355	0.010889738212556037	0.543093953218
ETV1_0	2.638489256954637	-0.01947452617926489	0.543728596671
VENTX_0	2.663700925389648	0.008999605397810006	0.548762752717
SPIC_0	3.852296965826925	-0.0028385543532378093	0.549520037649
STAT1_1	3.7716976939212836	0.002649613849102573	0.550114191371
RFX1_0	2.605843539058089	-0.016596696742509926	0.555469685163
NFAC3_0	3.057666103909829	-0.006138965227210866	0.555506638264
NOTO_0	2.561697532653993	0.010081740350432728	0.560004065628
NFAC1_0	3.5364953137856197	0.0035810316525556724	0.560587124553
MYOG_0	3.190051417759206	-0.0076174177047294445	0.561622355088
BARX1_0	2.9286518466536946	0.006479976131653296	0.562445318583
NR4A3_0	2.6725596277632757	0.009777829281980092	0.562497801637
SOX13_0	3.5166675590990426	0.003990525287558775	0.563907499398
HXD8_0	3.0141003215196203	0.006399671308716324	0.565100384647
MAFB_0	2.8125791554090465	0.013836898127346465	0.56615755733
SOX17_0	2.842921120759982	-0.008961407087870592	0.56774916211
PAX8_0	2.466125870418199	-0.014620539597263714	0.568427402043
IRF4_0	2.866582677063549	-0.008687705222420435	0.570000169186
ZBT49_0	2.217483944213906	0.015868748701262824	0.571710079196
OSR2_0	3.3574583856450353	0.006514942714157658	0.573273937873
ZN282_0	2.624282095835668	0.010377703746848667	0.575729886688
STAT6_0	2.9652017010259115	0.008207074261579265	0.577955252238
E2F4_1	2.2161659022859928	0.02619657227361789	0.578095385086
SOX8_0	2.387389826338729	0.010695503105528205	0.581160007354
NGN2_0	2.9597566729909945	0.008028509624756095	0.584079549181
ARNT_0	2.1156105116742996	-0.02148033093647982	0.586768778694
E2F2_0	1.6434526764861872	-0.03673158492644789	0.58732401196
NFIA_0	2.5165353738957994	0.01717950476127934	0.588574399155
ZN257_0	2.7723217067229196	-0.008858657067340335	0.588980357126
JDP2_0	1.8836614351536174	-0.03654496419719151	0.591154259987
ZBTB4_0	1.8662873390841945	-0.03150593517442264	0.594864550716
HME1_0	2.7660408603813886	0.004942266711529792	0.59587496237
DLX6_0	3.327052265326698	0.0026197018727423887	0.598302660921
ZN680_0	2.1254812657005937	0.0200465681325003	0.598943046919
HXB6_0	2.4646385590950324	-0.010620530779750921	0.600235570396
NRL_0	2.521138083704036	-0.016107405542088244	0.602346491302
ZN449_0	2.6959192528313998	0.013233446692330493	0.602537895079
SMCA5_0	2.3242824552976926	-0.011786072877950826	0.604397577403
ZN740_0	3.014940349792936	0.006116765352076515	0.607690197261
SMCA1_0	3.057095289612667	0.005915601434105839	0.609107411547
NR5A2_0	3.2026245235789776	-0.004946985821156645	0.609894168889
ZNF85_1	2.461648568063455	-0.011672703579316853	0.610975446584
NFYA_0	2.7916906490201177	0.012992420713777137	0.611901738324
LYL1_0	3.165689376017617	0.006609473884782819	0.613668755223
PO3F4_0	2.864807629026147	0.0050492023653569956	0.61566284239
EGR2_1	3.5854043239649567	-0.003994215990762289	0.615880419321
E4F1_0	1.7442929831226759	0.047495213477772566	0.617027284208
ZBT18_0	2.9544837171555516	-0.007660871077064356	0.618224842839
ATF2_1	2.122215878272826	-0.018205266531155635	0.618588873475
SIX2_0	2.710117365111816	-0.01128197650482528	0.618677611063
BHE23_0	2.691523522168154	0.008059091888659815	0.619121142317
PRDM4_0	1.6627578316815739	0.0324246464390858	0.620367783674
IRX3_0	3.1235249809427317	0.004289186258377179	0.621348473509
ISL1_0	2.852174904420303	-0.007489779546578106	0.621642489372
GATA4_0	2.9872192299080047	-0.00581301466385044	0.622862431852
DLX4_0	3.101059354908115	-0.003654307720779864	0.628810615917
OLIG2_1	3.026941627959029	0.00531868304220144	0.632802983713
BMAL1_0	2.754348335711019	0.010548117188541746	0.634681907791
USF2_0	2.428944290035574	-0.019909763279132037	0.634711173814
ZN667_0	2.483587296968894	-0.013201552758541972	0.636848189856
MYB_0	2.7419390777291985	0.00950734634787266	0.637233097825
ZN232_0	1.6483600109809315	0.017937466951906313	0.641769934428
SOX9_1	3.319106059309776	-0.004262696766851844	0.643814327013
VDR_0	2.6697816152085365	0.010769903208736565	0.644637212536
TFEB_0	2.6063813651106047	-0.014527348455552496	0.645970157896
ZN322_0	2.748962861256161	0.007693457401244495	0.646606408671
ESR1_0	2.4712917110589383	0.01143667972743488	0.649675144164
PITX3_0	2.477844476338758	0.007578761518574012	0.64986754253
MEOX1_0	2.397940008672037	0.006858964980955827	0.653066432198
GLI2_0	2.186108379813205	0.012925483630063834	0.654650606207
VDR_1	3.3543005623453594	-0.003878618871683464	0.657303650303
DRGX_0	2.335457900689384	0.007227660326606726	0.659501126117
KLF13_0	3.2649358217826854	-0.005945784698161193	0.660636343737
GATA1_1	2.998041264363428	0.0052401997029932045	0.660902430385
ASCL2_0	3.319522449065454	-0.004854429889226507	0.663662024643
HXD10_0	2.9943171526696366	-0.0070835139860154096	0.664355637677
NFAC1_1	3.228143607597741	0.004055811148426401	0.665270260397
HXD9_0	3.2769211320657736	-0.003368359667235569	0.667757136509
AP2C_0	3.1146109842321725	0.005769073096765482	0.669109507679
GFI1B_0	2.836324115706751	-0.006254974609209945	0.669622649898
SIX1_0	2.700703717145019	0.008847684796604817	0.674276327197
COT2_1	3.037625669914719	0.005959609476617845	0.677241274899
MTF1_0	1.9344984512435675	-0.02674504876350502	0.678228208507
PO2F1_0	2.7723217067229196	0.0055744776803996875	0.680949250434
HXC11_0	2.3273589343863303	-0.011613405061652262	0.685571057341
KLF14_0	2.8959747323590643	0.008903108778203868	0.68916458928
NR1H3_1	3.1367205671564067	0.004141285068813045	0.68970685974
BPTF_0	3.71260761678955	0.001867345986795233	0.69606447983
STAT2_0	3.4183012913197452	-0.002665464697257066	0.700070172285
HMX1_0	2.675778341674085	0.004924315159684755	0.700274516338
FOXP1_0	3.169527489553293	0.004331916116304636	0.701794005793
SMAD3_0	3.5780085095732557	0.002609226560652445	0.704198254569
OTX2_0	2.4248816366310666	-0.009508731438917494	0.705298830452
NR2F6_0	2.7019994748896368	0.006146754285281246	0.713045198924
CEBPZ_0	2.7570162347313003	-0.009907442321574382	0.713273812183
ITF2_0	3.305781151254982	-0.004070243653293464	0.716003911689
SOX9_0	2.672097857935717	-0.007852204271337608	0.718587052521
RFX1_1	2.7570162347313003	-0.006669349233857232	0.719340090132
NFYC_0	2.7941393557677734	-0.009452883925286664	0.719435042463
PKNX1_0	2.6861892342440234	-0.007392226612850982	0.720960396171
ZBT14_0	2.88024177589548	0.008391326817530893	0.721927501658
NRF1_0	2.614369839548288	-0.012201159215349993	0.726295485091
NFIA_1	3.626494345211047	-0.002396903289696358	0.727540022183
TAL1_1	2.9735896234272565	-0.005362987924670897	0.730489248961
PLAG1_0	3.22284647997415	-0.0037062305252320176	0.73133467154
NR1H2_0	1.2041199826559246	-0.029754840740401373	0.736390112293
TFCP2_0	2.7470231774516276	-0.007427887452594	0.737355689086
LHX6_0	3.037625669914719	-0.005300626793965773	0.740264164565
GMEB2_0	2.0273496077747564	0.009687008582870872	0.740592626513
GCM2_0	1.9084850188786497	-0.02188734591638482	0.742360729702
GSC2_0	2.3654879848908994	0.009825239079137056	0.745386385108
MXI1_1	2.4920616045125987	0.009623433602645544	0.747758950167
NDF2_0	3.1633104889636856	-0.003378342068548689	0.748949440652
VAX2_0	2.34143452457814	0.008107139400028216	0.750790339113
ZIC1_0	3.1828424585586923	0.0033599515162615313	0.751312646626
SOX3_0	3.1560946306394273	-0.0037053248174677305	0.75671114637
PRGR_1	3.158663980813989	0.0030840110838361973	0.757974318491
FOXI1_0	2.6154239528859433	0.009654105447587808	0.758187759045
ZNF76_0	2.6897526961391565	0.008741479361995803	0.759344925309
IRF1_0	3.602168551378997	-0.0015619491850882316	0.75963976397
NFIC_0	2.9896722476238726	-0.005470539803360224	0.761643941111
MITF_0	2.663700925389648	-0.009172322866196252	0.762285393258
NR1D1_0	2.9182925127553556	-0.004572742824112757	0.762543983507
PTF1A_0	3.1293675957229854	0.004431693059215936	0.7637564783
HNF4A_0	2.400537989391946	-0.008930996273464819	0.763803376004
P63_1	3.172894697752176	0.0036985590357153215	0.765660171271
PRD14_0	2.3096301674258983	0.007334361137532898	0.769748408065
HTF4_0	3.378216149749878	0.0028440872264093426	0.770545228056
FOXH1_0	2.6026025204202563	0.005957839115713735	0.771121713784
PO4F3_0	2.591064607026499	-0.005234578238538916	0.773083065604
HXC10_0	3.7658547474657897	-0.0009639750292955739	0.777434995517
RFX2_1	2.597146487833695	-0.006511785453147194	0.777972469908
ZFX_1	3.381385866013377	-0.0028319564182350426	0.778845170556
ARI3A_0	3.5790400884000855	-0.001180043211708353	0.781936441418
ATF3_0	2.4031205211758175	-0.010984007407068024	0.783365608619
IRF9_0	2.6464037262230695	-0.006137776033318306	0.7835596279
RXRG_0	2.1673173347481756	-0.0096720633744513	0.787286352431
HINFP_0	1.3710678622717363	-0.030841797262140525	0.788218907793
NFAC4_0	3.174641192660448	-0.002217961552030518	0.788425418966
OLIG3_0	2.421603926869831	-0.005158692868391436	0.789405497528
ZN563_1	3.0724337259683874	-0.004076083371957683	0.791740626243
SRY_0	3.7650722011027917	-0.001102579392607115	0.793296037338
PBX3_0	2.7242758696007887	-0.005855469671218987	0.793597872403
HXB4_0	3.3008127941181167	0.0021854684331544367	0.795628892615
RFX5_1	2.775974331129369	-0.004317435008877992	0.796436121317
SUH_0	3.016615547557177	-0.0040056875447803	0.797759834262
KLF3_0	3.799650649061118	-0.002014365359395603	0.799134218035
OTX1_0	3.4420876295507603	0.0016335427814664605	0.799454339374
BACH1_0	2.754348335711019	-0.007175595603611433	0.799806513198
GLIS3_0	2.2683439139510644	-0.005855469671218987	0.800112157442
PRDM1_0	3.001733712809	0.003419459514051549	0.802085102721
ARNT2_0	2.9127533036713227	-0.004170734352557425	0.80435930281
EPAS1_0	1.9614210940664483	-0.01004157909165586	0.804470653543
SHOX_0	3.1258064581395266	-0.0017509118961363973	0.80536930915
TWST1_0	2.531478917042255	-0.00435028748774686	0.805431166423
ZN586_0	1.8481891169913987	-0.01160369364188585	0.805573153294
GLI3_0	2.597695185925512	-0.004740380531493895	0.806691914777
GATA2_1	3.02201573981772	-0.0027579563959722214	0.806967215357
ZBTB6_0	2.795880017344075	0.004711547020560021	0.80861596139
USF1_0	2.4329692908744054	0.009634139074110355	0.817435194901
ZN582_0	1.9420080530223132	0.003709109102858808	0.817463681942
HXC6_0	2.0314084642516237	0.006277900464753619	0.818791073122
NR1I2_0	2.5125509929042105	0.0047490293268489785	0.822336765242
ATF4_0	2.446381812222442	0.007003858396147906	0.82415169802
MZF1_0	3.272885444757569	-0.0020776849115867768	0.827386024566
HXB7_0	2.7478000908643683	-0.0029649974815493967	0.830944858961
ALX1_0	2.659440781870318	-0.0028384859433812173	0.832255160854
FOXD3_0	3.258278015243031	0.001995787152576601	0.832507973234
FOXQ1_0	2.708845638048179	0.003024266331016092	0.834345135279
ZN713_0	3.3361594264847803	0.001434246085522802	0.835954618419
MAFF_1	2.8987251815894934	0.004454125592652831	0.836607263872
ETV7_0	4.303681936063639	-0.0007183359277688644	0.838598029117
TYY1_0	2.4983105537896004	-0.007201955365438788	0.839567779494
ASCL1_0	3.2301933788690453	0.00243368400880793	0.842962046324
NDF1_0	2.9106244048892007	-0.0031509336826661704	0.843175711625
ZIC4_0	2.1889284837608534	-0.006436592891479716	0.843789018862
PROX1_0	3.1915907263792103	0.0025100943604568055	0.846108778107
THA11_0	2.534660575828444	-0.006430389008489095	0.848243340226
ZF64A_0	2.959279950130939	-0.003270888574285579	0.849156848928
MLX_0	2.2612628687924934	0.008807486462387422	0.849500408573
FOXO4_0	3.2091127037385916	0.001684841798065715	0.850119512153
PEBB_0	3.167465028843088	-0.002229534205653682	0.85321303174
ZFHX3_0	2.981592117214081	-0.0019521267188277202	0.856044926364
DPRX_0	1.9800033715837462	-0.006350898404420201	0.856917403678
FOXP3_0	3.2611438677006666	0.001406639757390344	0.858364896492
HXB13_0	3.056714329516394	0.00214687437014621	0.858652144709
NR0B1_0	3.00902574208691	-0.0026926704227545777	0.862258931921
DLX5_0	2.60422605308447	-0.002633497790906931	0.863922255022
PATZ1_1	3.783045572114693	0.0010515918219803472	0.864694036719
LBX2_0	2.5611013836490555	0.0029302444064834266	0.866843975116
MEIS1_1	2.857935264719429	-0.0029589280729449712	0.866975543456
ZSC31_0	2.600972895686748	-0.004237153802557363	0.867148366866
CXXC1_0	3.186532564592397	-0.001970045573335288	0.872678838918
NFKB1_0	3.636287252098513	-0.0009689206603919081	0.879251455098
AIRE_0	2.7969210753301685	-0.002439225812100198	0.879354619455
HNF4G_0	2.632963168167261	0.0033453670846641226	0.881034600563
REST_0	2.1287222843384264	-0.005024746273464805	0.881483518618
CEBPG_0	2.442479769064448	0.004599368190078735	0.882526063083
AHR_0	2.156851901070011	0.0065922977650105085	0.883014539655
LMX1B_0	3.2073650374690716	-0.0008137078910134565	0.884902904403
SOX5_0	3.5515109901058173	-0.0007746320561371569	0.88536963925
MBD2_0	2.870988813760575	-0.003189463958815935	0.886751901174
SHOX2_0	3.0295866716304567	-0.0012144916564096977	0.887148767426
DMRT1_0	2.4149733479708178	-0.003181469456403909	0.889270535317
PO5F1_0	2.5544891600038184	0.002128200195271141	0.891950723636
BSH_0	2.7311857076340003	-0.0017265471948664534	0.895755505491
CPEB1_0	3.8311656339094418	-0.0004884800172066336	0.898288982621
PPARD_0	2.535926741395569	-0.003202754748172431	0.898763187934
SRF_0	2.4727564493172123	-0.003104540685845996	0.899474615678
NR6A1_0	2.416640507338281	0.0029619335794263658	0.901002600469
ERR1_0	2.9515803449033915	0.001623075599945426	0.901187018492
DUXA_0	2.5646660642520893	-0.0019750282495887305	0.902998089379
ZN384_0	2.845408139621793	-0.0018941462578956924	0.903586356785
IRF5_0	2.3232521001716866	-0.0035395080397792066	0.903618052018
NKX31_0	2.875639937004168	-0.0016611942670682217	0.904399410603
ZN528_0	2.290034611362518	0.003762659500769564	0.909160852492
CUX1_0	2.0043213737826426	-0.00428314262719383	0.910374010222
PBX2_0	2.722633922533812	-0.001320148754482569	0.910722830407
KAISO_0	1.9731278535996983	0.008147310411321424	0.911279888874
GLIS1_0	2.0549958615291413	0.002646815574298416	0.913896266683
HAND1_0	2.8372727025023003	0.0019324751933855583	0.915603545066
SOX1_0	2.110589710299249	0.0027310349658133093	0.920419711631
HXD3_0	2.553883026643874	-0.0018602311199034265	0.921876291213
ESR2_0	2.547159121327417	0.0024178948851124155	0.923059974119
FOXC2_0	2.6807886115066824	0.0019123347877241215	0.925777362736
COT1_1	3.240299582002712	-0.0009716445417627278	0.926872794007
CTCFL_0	2.877946951629188	-0.002260485085490554	0.928200503795
RHXF1_0	2.403977963669355	0.002220814690310239	0.929330541837
Z324A_0	2.81424759573192	0.001308457294354024	0.931726504437
NF2L2_0	2.494850021680094	-0.0031391021804516744	0.935093921183
DDIT3_0	2.8677620246502005	0.0011581871540806954	0.939661272919
BARH1_0	2.4969296480732144	0.0013125159263673559	0.942248825837
PLAL1_0	2.665111737075051	-0.0015038078857879688	0.942586884723
HSF2_0	2.531478917042255	0.0012301559980200153	0.944480418444
PROP1_0	2.8027737252919755	-0.0008030039907959787	0.945024471637
ZIC2_0	2.9442358437934795	-0.0011590240765886211	0.949225346286
FOXP2_0	3.1822719566941857	0.0007668829973341957	0.950517702049
ZIC3_0	2.9039035266901636	-0.0011452276102724306	0.950588346317
HXB8_0	2.7143297597452327	0.0008937286284305033	0.950913277536
E2F1_0	2.9518230353159116	0.0011177889066229635	0.953677522194
ZN350_0	2.761927838420529	-0.0010092693718791895	0.95520923126
FOXD1_0	2.683047038238849	-0.001206445254886212	0.955541257046
TF2LX_0	2.122215878272826	-0.0015538066771410446	0.961835330733
NKX21_0	2.7986506454452686	-0.0008553201813245059	0.961974704716
ZBT7B_0	2.511883360978874	-0.0014926843189682231	0.962944709158
HMBX1_0	2.214843848047698	0.0014849293482895715	0.965666415183
ZN708_1	2.813914420048603	-0.000838694020794633	0.966135045254
GATA3_0	3.194653071952934	0.0003184828383138833	0.968350223982
HIC1_0	2.8068580295188172	0.0006626291273868468	0.970123229397
DLX1_0	3.0431657202074534	0.00032167337028544745	0.970347573842
MYCN_0	2.513217600067939	0.0010565431636641704	0.972910797147
Z354A_0	3.1527468640264606	0.00026086780415489124	0.973457982184
NFIB_0	3.3706056009381484	0.0003604265069259544	0.973725170729
PITX1_0	2.7497363155690606	0.0005440168687377545	0.973809024804
HXD4_0	3.2935835134961167	-0.0001968730228600218	0.977379871262
ZN816_0	2.6424645202421213	-0.00045945791362840766	0.980802758441
ETS2_0	3.738304793074104	0.00012201215617320188	0.982781713322
HSF1_1	3.112437417321843	0.00021484430991826125	0.984446968518
ERR2_0	3.0238695013883317	-0.00022252758654073496	0.984580568569
BATF3_0	2.5899496013257073	0.00040035815784534917	0.984830031746
HSF4_0	2.4065401804339546	0.00042723208873027057	0.986030135878
HSF1_0	2.688864568054792	-0.00019334880491750578	0.989890461625
RFX4_0	2.390051496458987	-0.00042057038812686126	0.990304318743
PAX2_0	2.110589710299249	-0.0005139484277709599	0.990714190811
RORG_0	2.5682017240669945	-0.00020063050374755304	0.992325577249
PO3F1_0	2.808885867359812	0.00012681606433235853	0.993372811746
ATOH1_0	3.3007041525961234	5.996794671464306e-05	0.995131520337
RARA_2	2.461648568063455	0.0001590944070126838	0.995609414139
TFE2_0	3.249442961442582	-6.228526063591306e-05	0.995709774789
IRF7_0	3.0334237554869494	-6.709579885551481e-05	0.99612671422
HXA7_0	2.214843848047698	-3.8885740090604474e-05	0.999011853017
