TF	Log10Events	MDS_difference	p-value
<<<<<<< HEAD
=======
	0	0	0
	0	0	0
	0	0	0
	0	0	0
>>>>>>> ff222d89782f2fec243caa8b18c03b7823a7a1d7
PITX2_0	3.969672126423837	0.037814368503878565	0.0
IKZF1_0	4.0682415369570455	0.03793480409074647	0.0
ZN770_1	4.102159183243685	0.04348154495578796	0.0
IRF3_0	4.172486169686935	0.030360823122838134	0.0
ZN770_0	4.2771161994083755	0.03975496945337535	0.0
HMGA1_0	4.118115856314559	0.026249230915350214	5.20250509339e-13
ZN121_0	4.01040597262518	0.02663959763151064	6.86339873823e-13
PAX5_0	3.851991747962157	0.0328365237490237	2.59925414525e-12
MAZ_0	4.250261382664085	0.022979155241395852	4.80770978584e-12
RARB_0	3.738939031203479	0.03784898829536594	6.38602393188e-09
RXRB_0	3.529494518433277	0.03988041456410579	3.31345559879e-08
RARG_1	3.9088601730172763	0.029393780617768	4.01497473046e-08
FOXL1_0	3.591175950311791	0.03615156802297534	1.02346936259e-07
THA_0	3.476686742945645	0.03535504910633089	1.99436348769e-07
RXRA_1	3.422589839851482	0.04213444454145959	2.85988035476e-07
RARA_0	3.5035183127240748	0.04946895532208799	4.42388644828e-07
FOXJ2_0	3.853119984217566	0.023126263597169145	6.19867728258e-07
FOXG1_0	3.8234416232555057	0.02257640193441982	8.97635103358e-07
TBX2_0	3.1029479680053735	0.04406110543883182	1.17254020582e-06
IRF1_0	3.5937289987079106	0.027772285167841953	3.14187249417e-06
THA_1	3.4614985267830183	0.0293905622907308	4.61873535156e-05
HXC13_0	2.498999363580153	0.08740958962441338	4.83275823233e-05
ESR2_1	4.081365313006427	0.016944732225122442	6.6557004692e-05
THB_0	3.296336054602046	0.03738320354191797	0.000104057057262
HXC10_0	3.8176645122338564	0.014397393086011626	0.000216951843259
BRCA1_0	3.3603093443420584	-0.034019461958898586	0.00023703039143
ZN382_0	2.7037211599270194	0.06859061431664629	0.000239500152192
STAT2_0	3.4148898217695978	0.026612077550786126	0.000262547681187
VEZF1_0	4.238585498161432	0.011501145364411176	0.00034946576238
MEF2D_0	2.907948521612272	0.04596757807057604	0.000519101659768
STAT1_1	3.7642508754387727	0.016215642229273856	0.000711363260432
DBP_0	2.81690383937566	-0.042306763234202814	0.000768073085907
LHX2_0	3.224921345584031	-0.03425367123788253	0.000845324167473
PO4F1_0	2.6665179805548807	-0.04548434966993084	0.000902941977147
CPEB1_0	3.8810992183890174	0.013427423090038314	0.00095239725698
ANDR_0	3.374381698050882	0.024868397618030644	0.00117407727579
MEF2C_0	2.991890303936025	0.03826255240927427	0.0011851268461
ID4_0	3.3508292735829674	0.02639777978516131	0.00121900852601
MEF2A_0	2.9731278535996983	0.0393121875870067	0.00139726487034
NDF2_0	3.087426457036285	0.03863433912744983	0.00156740452664
HXD9_0	3.3850697763319344	-0.02487001597756584	0.00219963899953
MYF6_0	3.8473258307854237	-0.01830748461731847	0.00237332739637
BARH2_0	2.8372727025023003	-0.03606548537761985	0.00253700322214
PO4F3_0	2.5204835327407915	-0.05333019834589145	0.00279652205292
ONEC3_0	3.2001662463631075	-0.024684423277966345	0.00318499074273
WT1_0	3.954845277727485	0.015596015312212958	0.00321117258594
ZN263_0	3.7158362751649934	0.01816932914544524	0.00373363677188
LMX1A_0	3.2758869603012255	0.017614730370342425	0.00403911991568
FOXK1_0	3.135291704475752	-0.027781736832117532	0.00435067644255
GSX1_0	2.91803033678488	-0.029552983758946615	0.00516160457913
HXB1_0	2.388278863459639	-0.06960767401904598	0.0060502672629
WT1_1	3.4880569194240474	0.02142248696677747	0.00629173062725
ZFX_1	3.3253103717110606	0.03059194749347448	0.007100301959
NR1H4_1	2.9100905455940675	-0.044130150962649564	0.00853110843831
IRF2_0	3.1621161410623677	0.027700348444005474	0.00853378598303
ZN136_0	2.6825962914605532	0.045324626138014676	0.00871013544097
ISL1_0	2.8202014594856397	-0.0383209081141193	0.00882598388724
SOX15_0	4.093509235708223	-0.010099770461816215	0.00950510214216
ZNF8_0	3.073351702386901	-0.03832226502475723	0.00957035660281
ZN317_0	2.662757831681574	0.04428750764700122	0.00979455196529
P63_1	3.0891983668051486	0.03451413984461606	0.0098451635124
HOMEZ_0	2.1367205671564067	-0.048834354977488184	0.0104202265519
PRRX1_0	3.6870382077286536	0.01324035698754904	0.0109271980821
HXC9_0	3.2350231594952232	-0.027975153479059153	0.0111534391307
SMAD4_0	2.9611837098124356	-0.0448258924655426	0.011234411419
ZN394_1	2.899546931090867	0.03360981790948053	0.0113373000577
ZN490_0	2.5544891600038184	-0.037177694798159466	0.0115674480759
BHA15_0	3.0625819842281627	-0.03935516998629528	0.0118795022925
MEF2B_0	3.0064660422492313	0.028408964394766718	0.0125275886505
HXD3_0	2.5085297189712863	-0.04760466679127826	0.0132480830139
HXA11_0	3.2285286773571817	-0.01646545180926851	0.013479615843
ZN341_0	3.8533026655783233	0.013092018989993227	0.0137793655996
BC11A_0	3.520024759382906	0.01613151394473907	0.0139816358135
HNF4G_0	2.4906606533561364	-0.06252811300037608	0.0140816440637
CEBPD_0	2.851258348719075	0.03157963853751607	0.0143159032415
HNF4A_0	2.3042750504771283	-0.08080202498863646	0.0147610647164
CDX2_0	3.254427221540668	-0.025106324227617573	0.0166792717817
NR2C1_0	2.626340367375042	0.0518612168359433	0.0174172161777
RUNX2_0	3.147830849943459	-0.025678002527112633	0.0177978185401
HXA10_0	2.728759475167874	-0.0361076135095125	0.0178694091068
CUX2_0	3.180555940703641	-0.022296452665245523	0.018371622832
SMAD3_0	3.5156089492344798	0.01733776350716407	0.0184780726921
TBX5_0	3.3680078052211746	0.016736096526526013	0.021069439679
MLXPL_0	1.9469432706978251	0.13771956969574894	0.0214944062911
PO4F2_0	2.555094448578319	-0.03610586013569668	0.0229065637531
ELF1_0	2.726319612110775	-0.06508137824435269	0.0231122462754
SMAD2_0	2.9434945159061026	-0.03870447039075749	0.0237132454967
ZN768_0	2.9611837098124356	0.02759432223543098	0.0252121283966
TBX19_0	1.8721562727482925	-0.10803618788456405	0.0252644813081
OZF_0	3.123361558746296	-0.030080942283238873	0.0256272872259
Z354A_0	3.353627758985543	-0.016924299505248822	0.0256325566755
PRD14_0	2.3064250275506875	-0.04164630266218242	0.0265004033178
ZN436_0	2.497620649781288	-0.05074129624369718	0.0267111966354
NR1D1_0	2.823800153749878	-0.039864060390593925	0.0271159056947
MYBB_0	2.838534270511868	0.033725717733826016	0.0276408188525
BHE40_0	2.634980800051228	-0.04263133469793323	0.0282419117187
RARG_0	2.581494542290899	0.04998015490375368	0.0306941622188
MYC_0	2.4955443375464483	-0.06378857720269292	0.0334002693972
PRRX2_0	3.997277141664526	-0.007178349710548507	0.034550114288
ESX1_0	2.92194645422941	-0.019069043324846928	0.0352135551143
ELK3_0	2.7279477095447966	-0.0526475324223792	0.0371308599648
ZN582_0	2.0549958615291413	0.041906852711956245	0.0373383560191
RARA_2	2.446381812222442	-0.06691188864881505	0.0375123048357
PBX1_1	2.4563660331290427	0.028127815592369765	0.0414639456445
RORA_0	2.6981005456233897	-0.03557596709010545	0.0420463445248
SRBP2_0	3.1274287778515983	-0.022662395001838972	0.0427956824475
ATOH1_0	3.253822438708073	0.022006701631316312	0.0475905926136
PRGR_1	3.3626709297256667	-0.015481453927572424	0.0475918027151
HXD8_0	3.0549958615291413	0.021069148415863135	0.048038549682
HSF2_0	2.5092025223311025	-0.042495788556516007	0.0495176317604
FOXJ3_1	3.630682071392774	0.009650233801368941	0.0500445436701
RUNX3_0	3.0753644463732845	-0.023574270468690494	0.0517222507136
ZNF41_0	2.4183012913197452	-0.04913372859576379	0.052395007777
AP2D_0	2.88930170250631	0.03931183470241707	0.0549595976433
GATA1_1	2.9701143222850965	0.021029357836214107	0.0549609981856
AP2B_0	3.147985320683805	-0.029033191601819313	0.0550600627039
ANDR_2	3.621851095544312	-0.012693538505076842	0.0555377322945
RREB1_0	3.239049093140191	-0.016642614605941495	0.0565736181888
HSF4_0	2.3180633349627615	-0.04750415492224636	0.0573604716538
AIRE_0	3.030194785356751	-0.023904526906067352	0.0580118325797
FOXM1_0	3.13481437032046	-0.01950343787700624	0.0582016220389
RARG_2	2.676236216763311	0.04144101622716086	0.0591372359289
ETV2_0	2.981365509078544	-0.03373870948550013	0.0592058425167
GFI1_0	2.9049858810993627	-0.0262652255516632	0.0594214633931
PO6F1_0	2.2135177569963047	-0.0451618714913401	0.0596708632647
ANDR_1	2.56702636615906	-0.03746279327024027	0.060627629536
GRHL2_0	2.3682868849021306	0.0501844866655201	0.0607408126067
ZEB1_0	3.3698649578562287	0.01835323068434164	0.061424378947
HMX1_0	2.726727209026572	-0.022117382714999016	0.0614982870165
MIXL1_0	2.6879746200345553	0.02126448298651857	0.0624489649967
PATZ1_0	4.03328298909425	0.009307404555176192	0.063640504447
MCR_0	2.5384480517102173	-0.03969108454806551	0.0641379602287
SMCA5_0	2.3453737305590883	0.04856050989236521	0.0657759471055
MBD2_0	2.8397921844453293	-0.0454914517320897	0.0658778243045
PPARA_1	3.0466902213700564	0.023350334067125767	0.0659075775263
ZN140_0	2.3607826898732798	-0.04448959054388014	0.0665929297212
FOXH1_0	2.5434471800817	0.034852997010438994	0.0684902353997
FOXJ3_0	3.6465997517203728	0.009813486196495	0.0696879840212
TFAP4_0	2.9355072658247123	0.02454197475047926	0.0714963563285
HXB8_0	2.645913275033844	-0.02260454031829386	0.0717874490496
ZN467_0	4.1276554197752064	0.006487619975010159	0.0723921812571
OLIG2_0	2.9362623419034772	0.027448156860045193	0.0729785369039
SOX13_0	3.5435093064650265	-0.01233110749031446	0.072988477068
EVI1_0	2.435366506612661	-0.036065210284579347	0.0740837579012
HXB13_0	3.03462845662532	-0.018541974876532533	0.0743694542427
CEBPZ_0	2.80413943233535	-0.042986063290885654	0.0750983562074
HXA9_0	3.07809415040641	-0.027920058977741673	0.0780701076826
PPARD_0	2.4031205211758175	-0.05182672116119913	0.0817290781215
FOXA1_0	2.9312035254507522	-0.020432432924700848	0.0829617307445
FOXD3_0	3.253459164339837	-0.017149274503760716	0.0841766531393
IRF9_0	2.6095944092252195	0.03636697148478675	0.0856198577169
SOX18_0	3.044147620878723	-0.024076685417754397	0.0866051785394
NR1D1_1	2.3891660843645326	-0.03960741937797244	0.0867143529529
ZBT17_0	3.8866880869036233	0.008911546212954913	0.0868330651163
RUNX1_0	3.087426457036285	-0.02049284737762957	0.0884750056798
SP1_1	3.400537989391946	-0.022752348542375577	0.0890882924433
KLF15_0	3.924124153185825	0.009307724169137544	0.0905744446747
MAFG_0	1.9030899869919433	0.10715344059840808	0.090622042424
ZN333_0	2.2479732663618064	0.033923349094784644	0.0916085928226
HXC8_0	2.483587296968894	0.032221105552675315	0.0919070394246
PBX1_0	2.894592947922955	0.025476138991174253	0.0927268273505
ESR1_0	2.382017042574868	0.05128878934083937	0.0932658647909
PIT1_0	3.049992856920142	0.01347673546659459	0.0945114699251
ZBT49_0	2.1553360374650614	-0.05191260308747574	0.0995249375502
NR1I2_1	3.611510887126656	-0.010529269855323552	0.0995652842897
GSX2_0	2.928139706875119	-0.014072562927307134	0.0997505631282
AP2C_0	3.0297894708318553	-0.02383061650775328	0.0997735325625
HIC1_0	2.7828308052025914	0.028783916869666405	0.10183015365
FOSB_0	3.009238370968466	0.03287730002349841	0.102026135987
HSF1_0	2.6278776945799716	-0.02540012231883001	0.102318030319
PO3F2_0	2.633468455579586	-0.02247987942101255	0.104547315398
PO3F1_0	2.8808135922807914	-0.026556781171501034	0.104830322855
PO3F3_0	3.4842998393467854	0.008572101702740937	0.105711650945
HNF1A_0	2.506505032404872	-0.030880352008711042	0.105787601283
CEBPB_0	2.9201233262907236	0.019311097183309246	0.105935096016
HXC11_0	2.322219294733919	-0.04813376732037877	0.109050719232
HXA2_0	2.725911632295048	0.019945838259226804	0.110204511431
USF1_0	2.415807727635543	-0.06814667221133248	0.110659918505
HLTF_0	2.9881128402683514	0.020554312211116244	0.111213447575
GCM2_0	1.7481880270062005	-0.09581086672161611	0.113700381653
MYOG_0	3.107209969647868	-0.02286430517062844	0.113729577099
PEBB_0	3.15044940946088	-0.017617196338655227	0.113876951692
ERR3_0	2.579211780231499	-0.030076042210890736	0.116026113304
IRX3_0	3.1077186105202625	0.011613495846016151	0.118085457496
EGR3_0	2.60151678365001	0.034413155244089846	0.120303968645
MEIS1_0	2.861832997657945	-0.03072330169139571	0.120958650211
ZN563_0	2.5581083016305493	-0.041421036602118974	0.123067223274
SNAI2_0	3.477338347691892	0.0134519927817018	0.123409945021
ONEC2_0	3.040206627574711	-0.02160463650339189	0.126917054384
ZN394_0	3.7935459379852676	0.006813900060063038	0.127404569962
NFAC4_0	3.1958996524092336	0.012485605688034081	0.128482826397
ARNT2_0	2.8701111553644005	0.03078981920509376	0.129308756262
PDX1_0	2.6278776945799716	0.02124342877610459	0.130667696107
BATF_1	2.638489256954637	0.03401195345390011	0.131481659155
PPARA_0	2.575764980536719	-0.03759128543145772	0.133914763723
DUXA_0	2.537819095073274	-0.02853299771960918	0.134795784814
RAX2_0	3.130333768495006	-0.01712233438622669	0.134886974089
PLAG1_0	3.176958980586908	0.016464739814220256	0.136687084795
EVX1_0	2.8450980400142565	-0.030206448964463572	0.139123773126
MEIS3_0	2.751279103983342	0.020207581326572573	0.139495328379
SOX2_0	3.3696795995598157	-0.012415568566653792	0.141541089317
PO5F1_1	3.3593611027384855	0.012443523176708857	0.143648714019
NFE2_0	2.4941545940184424	-0.05618139245661154	0.143945496195
BPTF_0	3.7589497212801803	-0.007160450607773009	0.143991297738
GMEB2_0	1.9934362304976114	0.053621570284015416	0.144194135884
PAX7_0	2.051152522447381	-0.04955590032145915	0.148178025965
STA5B_0	3.0242803760470793	0.019634193024528405	0.148551663413
ZN260_0	3.140665139976736	-0.018928246050112157	0.148676443557
ZN502_0	1.9344984512435675	0.0168156558379996	0.157206472747
RXRG_0	2.1189257528257763	-0.05005174628183601	0.159242029707
GATA4_0	2.959279950130939	0.013932095359181097	0.15925764654
CEBPE_0	2.4305587695227575	0.033796972505097875	0.160294937857
HNF1B_0	2.351216345339342	-0.025732053288708805	0.164628662784
NR5A2_0	3.1007150865730817	-0.013505709160885847	0.16570871472
HXA13_0	2.775246259740236	-0.021282150528659113	0.166768763281
MEIS1_1	2.823474229170301	-0.025831382399856644	0.166949404933
EPAS1_0	1.7596678446896303	0.09142446298195314	0.167248079698
SOX3_0	3.1036327052097405	0.01729896363669284	0.167386292571
HXD12_0	3.2913688504515823	0.009927087694889428	0.168054151811
TBX4_0	2.40226138245468	-0.026652310414567625	0.16856267352
FOXD2_0	2.922465945298413	-0.011290552077736628	0.172266060215
ZIC4_0	2.08278537031645	0.0579508887642773	0.173152927139
FOXO1_0	3.132739838260884	-0.015591377101590028	0.173265035155
FOXQ1_0	2.688864568054792	-0.017103643266998914	0.177566478964
NR4A2_0	2.7067177823367583	0.0234772656603004	0.178095887031
ZN350_0	2.7084209001347124	-0.02236653617466158	0.180743598317
MESP1_0	3.4111986739555538	0.01081646632638331	0.18504635828
HXB2_0	2.400537989391946	-0.02965022194440312	0.185366165047
TFE2_0	3.1814147962542836	-0.017553879796729992	0.186010788915
CUX1_0	1.9777236052888476	0.04667467467795348	0.186114063541
PROP1_0	2.79309160017658	0.016246443661478042	0.186275777173
E2F7_0	3.0788191830988483	-0.022342265070578026	0.186732758072
ZN713_0	3.32990612340021	0.01097170136758559	0.188053914264
GCM1_0	2.2648178230095364	0.033173547044298084	0.188913621152
VAX2_0	2.416640507338281	0.028080758894147437	0.193874415599
Z324A_0	2.941759813814695	0.017799074750590217	0.195426067113
MAF_0	2.766412847112399	0.02200643727360734	0.195570971305
KLF16_0	3.8095260470913996	0.008415000944147395	0.196831442689
MGAP_0	1.8573324964312683	-0.05748471729632876	0.196889015923
ARNT_0	1.9978230807457251	0.06360745442084295	0.19696262088
PO2F3_0	2.639486489268586	0.021088371838783915	0.200278916121
BARH1_0	2.4586378490256493	-0.021821960109695168	0.200651546037
ZN554_0	2.7520484478194382	0.025662053568465366	0.200752020915
BACH2_0	2.559906625036112	-0.04540249804499187	0.201855617091
DUX4_0	2.4440447959180758	-0.028589944393643093	0.204595588906
PAX3_0	1.7032913781186614	-0.07536461925711309	0.204841392125
RXRA_0	3.2967748467403113	-0.012181893415237063	0.206765700807
ZN134_0	2.1351326513767748	0.04725613636220784	0.207383416832
NKX61_0	3.016615547557177	-0.013390954324141124	0.207611790831
HXD10_0	2.966610986681934	-0.01821224192148403	0.207750861792
P73_1	3.1427022457376155	0.01532454726420274	0.210372243406
LEF1_0	3.3742899876753105	0.00954907285896001	0.2104760254
DLX2_0	2.9185545305502734	-0.011675676630549175	0.210856460662
NR6A1_0	2.4440447959180758	0.025431895355991708	0.211224671329
EVX2_0	3.2522460504731177	-0.0134283497387566	0.211310157673
MAFG_1	3.056142262059052	-0.01769291648402532	0.212694685529
HES1_0	2.484299839346786	0.03136383084056811	0.212926200562
ETS2_0	3.6426128870881476	0.0077896207570703644	0.214851271451
HXA1_0	2.777426822389311	0.012109170666376932	0.214969305808
ARI3A_0	3.5988998870638826	0.005750033275062324	0.216808020951
STAT1_0	2.678518379040114	0.03319005970271553	0.217591721365
ITF2_0	3.2420442393695503	-0.014965767756019804	0.218249605432
HESX1_0	2.271841606536499	-0.04546949605356666	0.219557285001
ERR2_0	2.9206450014067875	-0.014564566022535318	0.22359260055
ZN274_0	2.191730393362856	-0.03733623663334534	0.223620687415
TGIF1_0	3.5117497113449825	0.009415622451366474	0.224292533685
ZN281_0	3.5619357633137807	0.010065287276343055	0.225752852317
ZN232_0	1.5740312677277186	0.07003949360754498	0.226080463621
SOX9_0	2.5575072019056577	-0.026825725663499913	0.226663669543
SOX11_0	2.170261715394957	-0.033516064755510555	0.228716213043
ZSC22_0	3.130011949671904	-0.015113399590845077	0.231556206235
GSC2_0	2.3607826898732798	-0.037021417668561	0.231619588648
ZN708_0	2.1335389083702174	0.04912755247615226	0.232355535859
HXB4_0	3.2702128548962426	0.010089304960385837	0.232832061349
NFAC3_0	3.0267374942387475	0.014134274381189211	0.233241984001
GCR_0	2.45484486000851	0.028116642041732715	0.235460203303
LHX6_0	3.0228406108765276	0.020260414050381082	0.23567312194
THAP1_0	3.0124153747624325	-0.022323807709577658	0.237732014705
LYL1_0	3.0852905782300644	-0.015503276277779223	0.239905457224
AP2A_0	2.88930170250631	-0.018985306795932296	0.240594331495
SOX10_0	2.707144188342445	0.02398742675203482	0.243690241288
HXB3_0	2.955447210577695	-0.009533328150179144	0.244169995487
SRBP1_0	2.873029812061044	0.018857233471463525	0.244464685643
MYOD1_1	2.933740299496935	-0.02060256486124355	0.246620940258
ISX_0	3.1510632533537497	-0.007996143148134873	0.247301705957
PATZ1_1	3.749543081091166	0.007043653444569353	0.249452272672
CREB3_0	1.4983105537896002	0.11704179785518638	0.251590380783
FOXO4_0	3.189490313699367	-0.00923470657387605	0.253344327789
HXA7_0	2.2081725266671213	-0.02754182365151203	0.254544807621
ZKSC1_0	2.7126497016272113	-0.016194428109971726	0.254829648623
COT1_1	3.21984638602436	0.01161152276198996	0.255544663215
SIX2_0	2.6536947953150816	-0.024903293961775135	0.256405676437
VEZF1_1	3.7598943740254986	0.006431311039885079	0.258237163902
CR3L2_0	1.8061799739838869	0.0752040656948736	0.259714033323
ZBT48_0	2.5327543789924976	0.026246077109072927	0.262134324874
VDR_1	3.2880255353883623	0.011920389817826397	0.263236520724
MLX_0	2.20002926655377	0.04990949038674446	0.266794421861
NFIC_1	3.1005428500124643	-0.014649613966822444	0.268001169016
CDX1_0	3.3516997004052658	-0.007141209601569634	0.269069647869
SIX1_0	3.0010843812922197	0.01597277544790213	0.27097065319
STF1_0	3.0034605321095063	-0.011648778719357964	0.271009072523
NR1I3_1	3.462248215354997	-0.00810119176166826	0.271882164855
TF2LX_0	2.130333768495006	-0.02503279421940568	0.276471977693
TEF_0	2.730782275666389	0.013029171592560129	0.276477990117
ZIC2_0	2.7577754910119254	0.022437139074389007	0.277772066124
TAL1_0	2.6127838567197355	-0.02894380987006438	0.278926608665
FEV_0	2.5722906061514172	-0.03722897755535294	0.279868377896
GRHL1_0	2.602059991327962	-0.018659380026086272	0.280812695008
BRAC_0	2.7934411329776636	-0.019193180230491543	0.287790252668
TAL1_1	2.9260850869251436	0.01552186727347091	0.288384810493
ZBTB4_0	1.7958800173440752	-0.05794536187773605	0.289383221565
OSR2_0	3.3171227377145382	-0.012349751988146373	0.289913772425
NKX61_1	4.2401871853338235	-0.002688969741789897	0.291631984025
KAISO_0	1.9614210940664483	0.0776805125887287	0.291823790749
NFIC_0	2.891258616904139	0.021493494015948234	0.292007204498
HNF6_0	3.298088569391381	-0.008502722441819124	0.292863539461
RFX3_0	2.4141373621844764	0.03216946298285152	0.294630937677
ZSC16_0	1.921686475483602	-0.024720764476996192	0.296873872445
NRL_0	2.3793055177505815	-0.03689049430686096	0.297251570097
TGIF2_0	2.5490032620257876	-0.01857064681624705	0.300942050246
UNC4_0	2.625826713285711	0.0158049082216794	0.301723777207
KLF6_0	3.7943486038960823	0.007509940346450294	0.302159723474
EMX2_0	2.8920946026904804	0.010132475076940258	0.304818974404
ZN329_0	2.1889284837608534	-0.02659126092048984	0.305662150838
ELF2_0	2.7335984609613386	-0.030055819974138764	0.30580918359
DLX3_0	2.5831987739686224	0.015598722601369453	0.307845885799
NF2L2_0	2.34143452457814	-0.04694190082222023	0.311370272599
GLIS3_0	2.194514341882467	-0.021965926446655556	0.311679532628
SOX2_1	2.748962861256161	-0.01370127756535711	0.311715730171
ZKSC3_0	2.0530784434834195	0.04410622746198889	0.314752726585
FIGLA_0	2.7109631189952754	-0.01710800988372432	0.317840544968
ESR2_0	2.47928731647617	0.028555627667985268	0.318659182557
RHXF1_0	2.3719909114649145	0.024974974667312858	0.3197366815
VSX1_0	2.900913067737669	-0.00959043930336655	0.323291288174
ELF5_0	3.3325394468901104	-0.010222761707436478	0.32468186107
ZN384_0	2.7379873263334304	-0.01746833348650224	0.324911833571
VENTX_0	2.670709595223797	0.010356272699655032	0.325735086815
HXD13_0	2.841672250073634	0.010944918095540188	0.327193072868
ERR1_0	2.8530895298518653	-0.012293485833614084	0.327213691357
CLOCK_0	2.705007959333336	-0.020706998121457692	0.328227957565
TLX1_0	2.6613393400060397	0.024092168291034572	0.328370451783
RFX2_1	2.5446880223026773	-0.023457702644314096	0.331354013209
ZN134_1	2.2304489213782737	0.03219968387399956	0.331651520276
NR1I2_0	2.4608978427565478	0.020739203566980596	0.331836950649
ZN680_0	2.093421685162235	0.043277671263572334	0.333501051784
KLF1_0	3.4764693239263837	-0.01108417797729545	0.334229553014
NANOG_0	2.66698571832966	0.01413031535612667	0.335522535781
VDR_0	2.7431176252147416	-0.02647811807710444	0.335564652678
HME2_0	2.486430478854434	-0.017183577777340333	0.339690199845
LMX1B_0	3.2093809523461956	0.005833320983729964	0.34061102722
DMRT1_0	2.3463529744506384	0.030019677921674055	0.341863965319
BATF3_0	2.547159121327417	-0.020269266047336	0.342341729265
ETV6_0	3.5677319625480686	-0.007868066810486723	0.342662425595
SPIC_0	3.7475283292345	0.005359185595651061	0.344705138012
MITF_0	2.610127613075995	-0.031432210129553675	0.345608194248
BHE41_0	2.57978359661681	-0.02291914210575356	0.346031188477
ASCL2_0	3.271144317949078	-0.010839692390729	0.349718428669
TBX3_0	3.319001899462316	0.006638473445830582	0.351587618098
ZFP28_0	3.2407987711173307	0.007715374773074493	0.351649999177
OLIG2_1	2.962369335670021	0.013027333490153687	0.354523865903
FOXP2_0	3.1606185723994735	-0.010920976769443157	0.355907280922
ZN449_0	2.581494542290899	-0.023908716141149682	0.356217202134
ZFHX3_0	2.9206450014067875	-0.008406261814038557	0.357208356126
GABPA_0	2.5899496013257073	-0.032056680127976425	0.357977204909
PO6F2_0	2.6399842480415883	-0.015481678527195768	0.36060773309
ZN816_0	2.56702636615906	0.019573209532939537	0.360958992371
PPARG_0	2.676236216763311	-0.018469185675599114	0.36141561952
KLF5_0	3.43854234878611	0.009454879879114243	0.361563491706
ZN563_1	2.990116766067904	-0.01524576727455541	0.362362348715
TWST1_0	2.468347330412157	-0.015961271192952032	0.363967020712
ETV4_0	3.36408174141107	-0.009437113723039525	0.365734859272
ZN350_1	2.2291697025391004	0.03305313825302987	0.370170392277
BMAL1_0	2.669316880566112	-0.021986998536001234	0.372792746111
ZEP1_0	2.5705429398818973	-0.02220871702872283	0.374752985346
NR0B1_0	2.952308009662125	0.014571008001218983	0.377041081094
USF2_0	2.3692158574101425	-0.03975194603533168	0.377145794081
FOXA3_0	2.854609638095795	-0.012189492269958479	0.37867113378
PO3F4_0	2.8825245379548803	0.0073492630527161795	0.380266106493
MAZ_1	3.629969946292171	0.00727939544265645	0.380667644525
SOX9_1	3.426023015689876	-0.0069963960735055205	0.381758620518
PO2F2_0	3.005823753029027	0.008376611114257585	0.381948795474
SHOX2_0	3.0726174765452363	-0.005085480270404047	0.382538326238
MYBA_0	2.4132997640812515	-0.026853162625518883	0.383022580364
PKNX1_0	2.588271706842329	0.020264506843898734	0.385389027153
FLI1_1	3.279552881150386	-0.010632006944255989	0.390573327943
SOX17_0	2.8344207036815323	0.011580871444539304	0.391310554929
IRX2_0	2.6512780139981436	-0.015263760605242798	0.391312581119
SALL4_0	3.602331340591337	-0.0060049552429175925	0.3914372804
ZN586_0	1.6857417386022635	0.04185626909822906	0.392221312251
INSM1_0	2.277609214304091	0.032520160072679036	0.39232562874
ZIM3_0	2.7675268994083817	-0.011930124935626906	0.392417006319
KLF4_0	3.1925674533365456	0.013507652305382634	0.393416913381
P73_0	2.5693739096150456	0.02183009805952023	0.394895101402
NKX25_0	3.6610550848533783	0.005906105847353643	0.396347806251
P5F1B_0	2.8344207036815323	0.009069162901283432	0.398034192006
TFEB_0	2.5308397786165204	-0.029516402533097518	0.398264349792
DLX6_0	3.3365597901747184	0.004214248734105869	0.398437496445
PRGR_0	2.4712917110589383	0.020347885042852527	0.401537730405
MNX1_0	3.237418056046236	0.006281017849693401	0.402838743589
MAFB_0	2.694166295933198	-0.02152304582776755	0.403100668101
FOS_0	2.9014583213961123	0.018726623428761403	0.405692855373
PRDM1_0	2.9271136119337604	0.011816163861704702	0.406523338275
FOXC2_0	2.6127838567197355	0.020549784121793358	0.407640727759
PITX1_0	2.764549719064467	-0.011390284884613338	0.412083892779
BRAC_1	2.7415455167762093	0.011468675325542129	0.415720398114
HEN1_0	2.2855573090077734	-0.03426985504923448	0.417068637602
ZN148_0	3.8309733973226505	0.005079235439820989	0.418430101724
NFAC1_0	3.550900682976286	-0.004753271545640353	0.418952151961
SCRT2_0	2.911423965376294	0.016243050638879004	0.41941396232
HLF_0	2.319106059309776	0.022384361164070946	0.422821729575
PAX6_0	2.408239965311849	-0.02046756554511733	0.423711290386
NR1H3_0	2.4409090820652173	0.017451470344017398	0.423755200124
TYY2_0	2.3719909114649145	0.03620701368791039	0.425433024518
NR1H3_1	3.0417873189717515	-0.009929531167276528	0.429759302613
MAFK_1	2.3856062735983117	-0.030797430173152545	0.429981453822
ELF3_0	3.0455185628844923	-0.01132734166075684	0.430350783427
ZSCA4_0	2.1658376246901283	-0.02259437357839199	0.432511830936
ARI5B_0	2.6959192528313998	0.0117725109933326	0.440870119613
PHX2B_0	2.6584883813090165	-0.010577652052632908	0.442265107849
DMBX1_0	3.0546130545568873	0.0056420008093816	0.447517332414
E2F8_0	2.8382192219076257	-0.012804901349871608	0.449583433246
LHX3_0	2.918816390360379	0.006151646340034878	0.45144200499
VSX2_0	2.343408593803857	-0.019321838508449967	0.453436624023
ZFP42_0	2.6190933306267423	0.02327982212599754	0.45358926822
IRF7_0	2.9852018583645714	0.010756649070037611	0.456947878632
FOXO3_0	2.9733587998863973	-0.009591688735560804	0.457217280643
FOXF1_0	3.421686171824513	-0.005248998082871226	0.457372209147
TWST1_1	2.620656479819621	0.015296496742796668	0.458344246348
HEY2_0	2.561697532653993	0.018039004671358747	0.461514614312
FOXA2_0	2.8447877188278463	-0.009834678362999793	0.462546420346
GATA5_0	2.750893920382125	-0.008689427441256291	0.465726190591
NF2L1_0	3.8665236255328432	-0.003791626252058683	0.467820778041
TBX20_0	2.4297522800024076	-0.019410739468756388	0.468123498578
ATF1_0	2.3031960574204886	0.033550975654686774	0.468688953283
ZBT18_0	2.8315498519957556	-0.0115087513649882	0.471718882892
NR1H4_0	2.5384480517102173	-0.018380100898871567	0.473153411655
TCF7_0	2.6702458530741238	0.012944755010343704	0.474004651489
EHF_0	2.9049858810993627	-0.013917146462685558	0.475242918276
E2F4_1	2.2355284469075487	0.02961627667038651	0.475507557953
ZN263_1	3.5289167002776547	0.005999675881294064	0.476400033527
HIF1A_0	2.3664229572259727	-0.02545855450563107	0.47680244316
HMBX1_0	2.1335389083702174	-0.01938511550649367	0.478284164952
ISL2_0	2.70543604658525	-0.00885801661605665	0.478911969567
SP4_0	3.6238692683503015	0.006645394448797237	0.484365319533
THB_1	2.5459253293558426	-0.018960595057551776	0.487491650793
MYOD1_0	3.250785826687034	-0.00891516922848552	0.487809925502
ZBT14_0	2.8671727511786496	-0.01684715714588354	0.489410810081
COT1_0	3.1594167882167388	0.007960458142267746	0.491871233418
ZN549_0	2.170261715394957	-0.029707890812310494	0.495236168906
LHX4_0	3.179551791165187	0.004690209021399719	0.495271561976
ZN418_0	2.823474229170301	0.013537484759855573	0.495327638209
JUN_0	2.9754318085092626	0.014689078111162313	0.497613704808
FOXB1_0	2.5722906061514172	0.009602216741409274	0.498116948428
GLI2_0	2.1476763242410986	-0.025124227947764376	0.498662248358
PBX3_0	2.6339731557896733	-0.01716500736919836	0.500196232142
SOX8_0	2.3031960574204886	0.01682457183150875	0.501609695779
ZNF76_0	2.746244871720198	0.018704145772394366	0.501741025356
ZFP82_0	3.4271614029259654	-0.004943436014978178	0.5057678516
ZNF41_1	2.7379873263334304	0.009293364748344784	0.507106724163
PTF1A_1	3.187802638718419	-0.008606923899003843	0.511216440102
NKX28_0	2.7118072290411908	0.01046926985408696	0.515816186226
FOXP3_0	3.4117038634059704	-0.004964446486475424	0.518180749453
NFIA_1	3.5958818451620433	0.004395690338161828	0.518631008553
P53_1	2.5927317663939617	0.014658192515560862	0.519156767315
NR2C2_0	2.7795964912578244	-0.01137333515387606	0.51938247969
FOXD1_0	2.7359978840917933	0.013692908669448379	0.519772498531
BHE23_0	2.7113853790984512	-0.00973533529767644	0.521391046145
ELK4_0	2.4149733479708178	-0.028057633962995442	0.521739563593
KAISO_1	1.9242792860618814	-0.04924608093269241	0.522685821834
HXC6_0	1.9242792860618814	0.016663009976398514	0.525579168844
HXC12_0	2.9190780923760733	0.00639925687556676	0.526000025232
KLF12_0	3.370420558548513	-0.00886414046305629	0.527477714356
SP2_0	3.9267024941826443	-0.004285008931615553	0.529249050338
ZN219_0	3.1338581252033344	0.007657681257220233	0.530024242127
SOX21_0	2.342422680822206	0.013879690322679144	0.531340667965
HBP1_0	2.920905604164024	-0.00693324670809346	0.533593509869
HAND1_1	3.922128346796362	0.0033382015384063766	0.534010074938
ZN250_0	2.9914475980038024	0.008128769954816723	0.540699899474
ZN322_0	2.6404814369704215	0.01305586004571917	0.540799795856
HXB7_0	2.683047038238849	-0.007596789856795819	0.541155899861
CXXC1_0	3.1506029517930094	0.008046850859249794	0.541607171136
E2F6_0	3.288807947483478	0.007159650321358363	0.542544656626
TEAD2_0	2.7238659644435037	-0.011757430787089972	0.543221316575
BCL6B_0	1.9978230807457251	0.029159309972698503	0.549574293471
MAX_0	2.4107772333772095	-0.019765999432920633	0.550005971235
EOMES_0	2.849112166184577	-0.008597572091607924	0.551658489246
FOXI1_0	2.599337132992489	0.018274664493437832	0.55538850101
EGR2_1	3.498792835329338	0.005256689828061478	0.555703259834
MEOX1_0	2.452553063228925	0.0097625330213016	0.555966367906
HXD11_0	3.6158974704490117	-0.003407173173440162	0.556545592589
ZBTB6_0	2.762303363287768	-0.01301942789188008	0.556691822787
HMX3_0	2.6981005456233897	-0.007236110144216813	0.556914871822
CEBPA_0	2.9143431571194403	0.007585084188961161	0.556932898548
PRDM4_0	1.6857417386022635	0.020613686958990393	0.557827179117
NGN2_0	2.876217840591642	0.008956485512038457	0.56185635371
CREB1_0	2.2317243833285163	0.028460331012849994	0.563252250933
NKX23_0	2.8135809885681917	0.009780280603133355	0.567773949862
TYY1_0	2.5230958382525674	0.020906304713705238	0.56924623927
ZN214_0	2.9701143222850965	-0.009411478268387213	0.573288161474
ASCL1_0	3.121723945637367	-0.00780389334861113	0.574079898824
ZN257_0	2.7501225267833997	-0.00926389963965715	0.574894581328
ZBT7A_0	3.3571722577230334	-0.005075253000087152	0.574986312063
SHOX_0	3.1633104889636856	-0.0032282295571495973	0.575809655806
TFCP2_0	2.712228669619535	-0.011848008311659618	0.576497027244
NR4A1_0	2.9049858810993627	0.007946324333533667	0.577178146373
NDF1_0	2.8460276753643785	0.009316085990401683	0.578932090003
VAX1_0	2.4337698339248655	0.008544091768280696	0.581079626596
FOXC1_0	2.7032913781186614	0.012160287612851418	0.58402932538
ZN264_0	2.3283796034387376	0.013824621656643738	0.58404696845
ALX4_0	2.103803720955957	0.01664722714811569	0.585059102595
COT2_0	2.9530344572503564	0.00728313745065057	0.587262165851
ZN784_0	2.4487063199050794	0.012192972140218947	0.588374666192
MEIS2_0	2.721398375521505	-0.010054592652582597	0.589251713109
TFDP1_0	2.7671558660821804	0.013028314215152676	0.590481097418
TBX21_0	2.920905604164024	-0.007309440742876161	0.593092499463
EGR2_0	3.6854730197227594	0.0037423577939721285	0.593609287081
NKX21_0	2.7979596437371956	-0.010037299830940049	0.593713467979
PBX3_1	2.746244871720198	0.012004074941070048	0.596430734958
MXI1_1	2.447158031342219	0.015048177440513361	0.600388118539
HXD4_0	3.3535315590777617	-0.0038019976539957383	0.603606003843
TEAD4_0	2.9103575572728775	0.007429840810744134	0.603744723987
MTF1_0	1.7923916894982537	0.03714669296008151	0.605403110065
ARX_0	2.5138831856110926	-0.00969893453070728	0.605667520728
NR2E1_0	2.086359830674748	0.016137594531628236	0.61067829788
BATF_0	2.4593924877592306	-0.013874286848740518	0.612752713382
CREM_0	2.3847117429382823	0.020966794427241742	0.613298726722
GFI1B_0	2.894316062684438	-0.006981525529783689	0.615092426176
ZN143_0	2.6665179805548807	0.015180492558873038	0.616623798189
KLF9_0	3.125968963092556	-0.009316647640102049	0.61823075413
DRGX_0	2.3521825181113623	0.009857620582218892	0.620687589861
ETV5_0	3.4785664955938436	-0.004292330497837266	0.620739711486
PDX1_1	3.0965624383741353	0.004217398415103764	0.620946063318
SMAD1_0	2.8793826371743423	-0.008686361240465606	0.621038777029
COE1_0	2.802431626430723	-0.008952013428870541	0.624366063364
EMX1_0	2.825101411598003	0.00487593166921971	0.630329525836
DPRX_0	1.8293037728310249	-0.0236359152363198	0.632863550591
NFIB_0	3.265407496531089	-0.005267402018803863	0.636306115373
RFX5_0	2.4712917110589383	0.013951686212443155	0.636534488234
KLF8_0	3.2065560440990293	-0.00579690646142082	0.639299505335
MAFK_0	2.0773679052841563	0.025569699825711324	0.64083749212
REST_0	2.070037866607755	0.01581562536917139	0.640911696216
ZN282_0	2.5693739096150456	-0.007575959007872145	0.64112487215
GLI1_0	2.594944736695083	0.01078239006135186	0.644164343756
E2F5_0	1.7481880270062005	0.03778771860110712	0.645089882127
NFAC1_1	3.223495940962394	0.004266806483216828	0.647879247155
ZEP2_0	2.5224442335063197	-0.011096730283341735	0.650596673973
HSFY1_0	1.57978359661681	0.020097565616836507	0.654589014074
TEAD1_0	2.932473764677153	0.0062536539561259845	0.657358553367
FUBP1_0	3.7274599208579082	0.002288383873012295	0.658266395181
OTX1_0	3.449478399187365	0.003046900071892708	0.660268459714
HSF1_1	3.02201573981772	0.004890279089217772	0.660965098914
OLIG3_0	2.3682868849021306	-0.0075843716742089425	0.662501007615
KLF14_0	2.786041210242554	0.011034397823946152	0.662828477896
ZN524_0	2.1020905255118367	0.016551747591665212	0.6657341515
ZN410_0	1.5250448070368452	-0.018860705438621245	0.666658361032
PO5F1_0	2.5092025223311025	-0.007569656468727992	0.666761029442
SMCA1_0	3.0207754881935576	0.004565132476431799	0.668002614558
OVOL1_0	2.635986111800833	-0.008228834990604044	0.669201918687
MYCN_0	2.477844476338758	-0.014098931540657316	0.671201454799
CTCFL_0	2.8591382972945305	0.010682752859777756	0.677489107967
FEZF1_0	3.016615547557177	-0.004718424226022086	0.677735376684
SP2_1	3.402605241919914	-0.0053101835406181965	0.67878370731
FOXP1_0	3.177392192076099	0.004322534387537799	0.679956392868
TF7L2_0	2.580924975675619	0.009053596598981962	0.680431374561
ZN554_1	2.9265996539070276	0.007145333640910845	0.681316627753
SPIB_0	3.0586157970105616	-0.005350173373511039	0.681671241364
TBX1_0	3.3508292735829674	-0.004192046999376292	0.68472030089
SOX1_0	2.0773679052841563	0.01228500106299137	0.686375487715
NFKB2_0	2.6133131614554594	0.009399751163903697	0.686830522244
ETV1_0	2.6299190355035416	0.013336383772413852	0.687690982221
GLIS1_0	2.0232524596337114	-0.006390545379137038	0.695286345688
ATF2_0	2.616475513888565	-0.009827411366964005	0.696718968636
GLI3_0	2.4983105537896004	-0.009450381968440027	0.698970985673
SNAI1_0	3.227372442289636	-0.0044624964000902325	0.69974787508
ZFX_0	3.1312977965976225	0.00579110914995225	0.699953971152
NFYC_0	2.7446840632768863	-0.010467051564005025	0.701796861409
ZN667_0	2.3953263930693507	0.011134225488530634	0.703459831487
ATF6A_0	1.8721562727482925	-0.02279440198101344	0.705097177436
GCR_1	3.2108533653148927	-0.003817562857297269	0.705279058006
FOXO6_0	2.53529412004277	-0.006257014995865261	0.705850497133
ZN331_0	2.234264124378789	0.01670155838451214	0.706065191727
ATF3_0	2.374748346010104	-0.01497075174838967	0.707051930392
SP3_0	3.9483640559883693	0.002419150884666088	0.70776793565
ZIC3_0	2.747411807886423	0.007693995925165192	0.710073133211
HEY1_0	2.3673559210260184	-0.009237436944227777	0.712542815926
TBP_0	2.722633922533812	-0.004976134275105283	0.71596428785
HIC2_0	3.040206627574711	-0.004379049121918274	0.720480675074
FOXF2_0	3.0729847446279304	-0.004262068951797063	0.722567512281
NKX32_0	2.6180480967120925	0.006361204294158043	0.723460436336
HME1_0	2.8119099804200984	-0.0029038921935964366	0.729318790104
ZNF18_0	2.598790506763115	0.009270988789104668	0.72960715303
ETV3_0	2.4232458739368075	-0.008051462656610203	0.731550664946
FLI1_0	3.72156331835748	0.001760387485813644	0.73200753619
EGR1_0	3.441773662805184	0.003477116481263992	0.733125709093
PROX1_0	3.129528773858776	-0.004533959720571174	0.733881988009
SPDEF_0	2.821840927200454	0.006427856276696747	0.734745583219
SCRT1_0	2.1673173347481756	0.009955920306229996	0.734832877635
E2F2_0	1.537819095073274	-0.03340383494338757	0.736630065177
TEAD3_0	2.869818207979328	0.0041634073758167285	0.739847397008
IRF5_0	2.2430380486862944	-0.011213730400341859	0.742038150458
HINFP_0	1.2041199826559246	-0.04572876491537638	0.742323674445
BARX1_0	2.932473764677153	-0.0034316854410163565	0.742516218177
HMX2_0	2.911956189072687	-0.004146855482055814	0.742761172606
NFIL3_0	2.5611013836490555	-0.004389910533043735	0.74964261352
PAX8_0	2.4240645254174877	-0.009226507482886375	0.751978670892
NANOG_1	2.7767011839884104	0.005234764309022424	0.757894935949
NFIA_0	2.500373714353374	-0.009220828407439884	0.758669325217
ZNF85_0	2.697229342759717	-0.005786873115951924	0.76033135624
P63_0	2.4107772333772095	-0.010931405663588366	0.761345143365
JUNB_0	3.1548802447187616	0.0053269009849500224	0.761627359201
PURA_0	3.5660248048127197	-0.002422288387935773	0.761820330795
MAFF_0	2.3334472744967503	0.010613466989016291	0.763868298317
NR2E3_0	2.6632296345328674	0.004271235084623628	0.763890545342
HXB6_0	2.426511261364575	-0.006404104901061196	0.765005616612
RX_0	3.107379582804448	-0.00244161728040265	0.7650063852
GBX2_0	2.932473764677153	0.002403303697752295	0.768353607208
TBX15_0	3.8754953408710184	-0.0016117860513853279	0.770249029213
JUND_0	3.0267374942387475	0.005957367914994949	0.772844190449
UBIP1_0	4.432945251769152	0.000726582597321143	0.77378628582
RFX1_1	2.632963168167261	-0.0057916828386202325	0.777364235201
HAND1_0	2.7335984609613386	-0.0047442578612203025	0.777405054589
GBX1_0	3.225696871650654	0.0015198050401646094	0.778323491348
KLF13_0	3.2185355052165274	-0.003998497458774825	0.779464146355
MYB_0	2.625826713285711	0.005386865076384364	0.789823210741
PLAL1_0	2.5837653682849995	-0.006630512661233695	0.791816570316
CTCF_0	2.8145805160103183	-0.007204384514187379	0.791993308377
MSX2_0	3.581892794938617	0.0014862121195159004	0.79254172147
PPARG_1	2.956408571195832	0.003533836889598313	0.793012673956
NOTO_0	2.537819095073274	-0.004140958621687727	0.793015738655
RFX1_0	2.637989780784685	0.007517249757832123	0.794480040674
JDP2_0	1.8129133566428552	-0.020363505175116658	0.79532616094
LHX8_0	2.5640739789771465	0.0035136109734118055	0.800661301065
ZN418_1	3.098989639401177	0.002585576969840786	0.803676090246
MZF1_0	3.1743505974793798	-0.0027435570100247915	0.804416489459
TAF1_0	3.3591712057167005	0.002841103329417993	0.806100386319
PBX2_0	2.978180516937414	-0.0026440823071471305	0.813147400919
GATA6_0	2.9355072658247123	-0.003548014985186987	0.814984011527
BARX2_0	2.9647309210536292	0.0021447212426286095	0.815787953431
AHR_0	2.084576277934331	0.011712799977753364	0.817212494591
ESR1_1	3.2172206556445184	-0.0025764252463169575	0.817589839115
SP4_1	3.5567245263954606	0.002230130832450344	0.820564053974
DDIT3_0	2.8576339851500077	-0.00302590414625446	0.820766625948
HES7_0	2.176091259055681	-0.006644567936442564	0.821581548698
ZN335_0	2.4240645254174877	0.006645563194245851	0.822050687312
MECP2_0	3.954797087039253	0.0013382426550209601	0.82376069123
BCL6_0	2.716837723299524	-0.004542738634397203	0.82448221446
NFYA_0	2.723044991643445	0.006052144008389704	0.825886467195
NFYB_0	2.8460276753643785	-0.005163563074995337	0.82717196649
HNF1B_1	2.525692524505011	0.003720612873909716	0.832805101705
KAISO_2	2.56348108539441	0.00577414252412724	0.833960301037
ZSC31_0	2.488550716500444	-0.005157551698636476	0.835164183476
REL_0	2.6288995644206063	-0.004065326971427	0.836412476895
GATA3_0	3.186673867499745	0.0015150414771684896	0.838001242461
DLX4_0	3.107549129744686	0.0013837308061352303	0.843163748532
E4F1_0	1.724275869600789	0.01913166201401605	0.844509239944
ZIC1_0	3.081707270097349	-0.0024026451971903675	0.845052990113
PO2F1_0	2.8609366207000932	0.0023228874395546687	0.848815056595
STAT6_0	2.8721562727482928	0.0024491423415662515	0.850206208782
ATF2_1	2.1003705451175625	-0.006070796464838266	0.851809288225
E2F1_0	2.8790958795000723	0.00395293714099586	0.852549639659
OLIG1_0	2.335457900689384	0.006586628560593516	0.852701855048
HXA5_0	2.617524534886292	-0.002791757827425888	0.852982028182
ELK1_0	2.4571246263034086	-0.007711276940534928	0.853190910329
HES5_0	2.2741578492636796	-0.004351914549761968	0.857532313753
ZNF85_1	2.3729120029701067	-0.004920506736909564	0.858388375536
TF7L1_0	2.771587480881255	0.0031694805376393824	0.859005400795
KLF3_0	3.7127759316766107	-0.0015249446307659788	0.8606050948
GLIS2_0	1.6483600109809315	-0.012041605841220392	0.864435203067
GSC_0	2.387389826338729	0.003794817878055248	0.866355250131
SOX7_0	2.0293837776852093	0.003924780713401447	0.87258954906
DLX1_0	3.0606978403536114	-0.0015617682476249577	0.872602597013
NKX31_0	2.838534270511868	0.002368582232957081	0.87271918074
RFX5_1	2.7118072290411908	-0.003110302270420068	0.874140435893
ZF64A_0	2.8973521343443127	-0.002963400800864752	0.874443749773
ETS1_0	3.1924280553312068	-0.0023940439458812303	0.875026536394
GATA1_0	2.7909884750888154	-0.003078270755448265	0.876412205342
ALX3_0	2.6702458530741238	0.002000148667195739	0.87695838721
E2F4_0	3.109409790546365	0.0026522565788526407	0.878172284709
COT2_1	3.0538464268522523	0.0024685997229940857	0.878180501707
ZBT7B_0	2.525692524505011	0.004957276516344605	0.880017668941
NFKB1_0	3.5921212174658845	-0.0009764748855689539	0.880734964441
NR1I3_0	2.382017042574868	0.00416488981698804	0.880861947306
NR4A3_0	2.558708570533166	0.00247025828364682	0.881533742827
XBP1_0	1.8808135922807911	-0.010583729770341232	0.882255874488
OVOL2_0	2.4141373621844764	-0.0034859016905426756	0.882973536055
OTX2_0	2.4281347940287885	0.0033860540044331087	0.88299202214
ZN589_0	2.408239965311849	0.0047752943810994595	0.886656000181
ZN335_1	4.15265519881729	-0.00048645122234021194	0.889435597175
CEBPG_0	2.426511261364575	0.003302612341408692	0.889999894451
IRF8_0	2.9164539485499246	0.001877058863732589	0.89083060727
NRF1_0	2.716837723299524	0.004222418652828508	0.891431542307
THA11_0	2.6180480967120925	-0.0043347113442589015	0.893771140696
TFE3_0	2.0374264979406234	0.008624289437677946	0.894911827165
MAF_1	2.9319661147281724	-0.0021334346079098067	0.895897288783
FOSL2_0	3.102433705681336	0.0023361258717803255	0.899057162736
ZN816_1	2.677606952720493	-0.0020913540933623883	0.902264803048
ERG_0	3.335658452289301	0.001323940161711906	0.905170532143
P53_0	2.1613680022349744	0.0055190069206307755	0.905418339963
SPZ1_0	2.2214142378423385	0.00448768530107384	0.907198412937
ZN528_0	2.1986570869544226	-0.0037234147180377182	0.907336336126
IRF4_0	2.7375901662857216	0.0020982931176119655	0.907935610116
MYNN_0	2.5434471800817	0.0020390922274807653	0.908061117109
ZN320_0	2.469822015978163	-0.002763766318978467	0.908091149086
RFX4_0	2.3344537511509307	0.004124151592751052	0.910472141008
CREB5_0	1.7075701760979363	0.008044128857517392	0.911080979954
NR2F6_0	2.604765884703887	-0.002365697414377849	0.912408913756
CRX_0	2.553276046137099	-0.00231376633573879	0.913121789723
ALX1_0	2.656098202012832	-0.0015446511592143901	0.913932954186
NFAT5_0	3.593230668783007	0.0006497405586678466	0.913957508933
SUH_0	2.9159272116971158	-0.0017848497351932004	0.914864794303
ATF2_2	2.107209969647868	-0.00641861270199835	0.915207458312
SOX4_0	3.1996180677079304	-0.0011816526475411206	0.915696883925
CDC5L_0	2.513217600067939	-0.0017607260286383016	0.915873782589
SRY_0	3.791901080009571	-0.00042184377407893537	0.916982056135
NKX62_0	2.925312091499649	-0.0011687328753060113	0.917480049621
PTF1A_0	3.023046584075505	-0.0016386846866555784	0.917511458837
PAX1_0	1.556302500767287	0.0065234873368758715	0.920265066045
SP1_0	3.5684950671932456	-0.0010852692577148606	0.920525974366
ZN740_0	3.045322978786657	-0.0011001639612776117	0.920905421139
GATA2_1	3.0062520513693642	0.0009345537803164159	0.921479777639
TBR1_0	2.3314272965207428	0.002151095570439336	0.922777885791
PAX4_0	2.8162412999917827	0.0007988271413379112	0.926596374398
ZBTB4_1	2.141449773400467	-0.003405438772838815	0.933029972805
LBX2_0	2.5434471800817	-0.0014499275330907184	0.93344827224
ATF4_0	2.437750562820388	0.0019435876077224133	0.933977174438
MEOX2_0	2.9836262871245345	0.0006871615005500402	0.939807619798
PHX2A_0	2.3793055177505815	0.0014885359787804127	0.941673003715
HMGA2_0	2.103803720955957	0.001890282703671242	0.943398967474
PAX2_0	2.0021660617565074	0.0035734510205029267	0.946128564487
BHE22_0	2.5526682161121927	-0.0015777983960714006	0.948100185897
EGR4_0	3.3445887425787135	-0.000806846686528734	0.949616541262
BSH_0	2.7660408603813886	-0.0007960227289622217	0.950157922641
LHX9_0	3.1019188336804233	0.00038083258917208634	0.950392629643
ZN652_0	2.4533183400470375	0.0011825158942095166	0.950572630112
RORG_0	2.47639682672533	0.0012505520639405935	0.950706321034
MAFA_0	2.76417613239033	-0.0011551018205614829	0.95085096491
MXI1_0	2.5526682161121927	-0.0018825903391508471	0.950930367765
STAT4_0	3.1986570869544226	0.0007431793810562691	0.95409025384
ZN341_1	2.7134905430939424	0.0011748331129009136	0.955033884615
PRDM6_0	4.009939308586829	-0.00018384779372499372	0.956984528912
STAT3_0	2.980684974363314	0.0009226936314767507	0.959168929884
DLX5_0	2.5477747053878224	-0.0007068266007551382	0.961046299943
SPI1_0	3.1633104889636856	0.0005467573043732325	0.961400806066
SOX10_1	3.3974185423513474	-0.00033750578154327377	0.966234635012
HTF4_0	3.3117538610557538	0.0004374126604326954	0.967743339558
TF65_0	2.663700925389648	-0.0008576964456828264	0.969606791388
FOSL1_0	3.12515582958053	-0.0006725283973414544	0.970500415341
E2F3_0	2.5409548089261325	-0.000998831911751802	0.971196132535
MAFF_1	2.762678563727436	-0.0008302213054925791	0.973518992928
NFAC2_0	3.3671694885346803	-0.00031305267368315643	0.973686308817
ETV7_0	4.253447049959387	-0.00011412923255580982	0.974344995578
BACH1_0	2.5831987739686224	0.0010653183271329579	0.975093486929
ZN547_0	2.0064660422492313	0.001010517307776809	0.97662460076
ATF7_0	1.6384892569546372	-0.002338047106053909	0.977547380554
PITX3_0	2.552059534187884	0.0007100167504097586	0.978221651847
SRF_0	2.5250448070368448	-0.0006082792750460421	0.978574005407
SOX5_0	3.550900682976286	0.0001320713968690308	0.98023087339
GATA2_0	2.755112266395071	-0.00047953216614364264	0.981303426069
NOBOX_0	2.650307523131936	-0.0003420307987674802	0.9827280307
STA5A_0	3.1825573013049127	0.00022943609776034362	0.985700758437
CR3L1_0	1.9493900066449126	0.000854683998169614	0.987280266417
RARA_1	2.9322200138771186	-0.00020341291573655346	0.989180510845
ZN708_1	2.68708284460437	0.0001820374605422696	0.992608076792
MSX1_0	2.632457292184724	-0.00010388151330686674	0.993495167274
RELB_0	2.6541765418779604	-7.232446500967955e-05	0.997034644086
RFX2_0	2.31492005599242	-8.016064608244462e-05	0.998378422733
NKX22_0	3.8973246290729584	-1.065126045916593e-05	0.99839671235
