TF	Log10Events	MDS_difference	p-value
	0	0	0
	0	0	0
P73_0	2.7415455167762093	0.1341019767109293	1.33265184443e-07
P63_0	2.5998830720736876	0.15804956180974547	2.4206618745e-06
BRCA1_0	3.3061032087275852	0.04599253359139861	2.59022141247e-06
MIXL1_0	2.718501688867274	0.06280162715684408	5.87359873561e-06
PITX2_0	3.994317152669636	0.01333439876747232	9.67375052952e-06
FOSL2_0	3.2913688504515823	-0.06147601101940123	7.14270513096e-05
MESP1_0	3.4871383754771865	0.027271202294973554	0.000153693127885
FOSL1_0	3.326335860928751	-0.05525640551860364	0.000213948798035
ZNF8_0	2.83916368291465	0.06632770066136541	0.000227669820362
HMGA2_0	2.021189299069938	-0.12145293417130198	0.00026061778341
FOS_0	3.101575246255933	-0.06711504499327323	0.000337730223853
IKZF1_0	4.0881715398643514	0.010883406682652462	0.000353659558159
ZN770_1	4.125172107179599	0.010396801134800406	0.000449520531751
DBP_0	2.728353782021228	0.05242007420545701	0.000555730869337
LHX8_0	2.575764980536719	0.05771246207375336	0.000560771357744
ZN260_0	2.91301868374796	0.049328775548783316	0.000711023333962
LHX6_0	3.013679697291192	-0.05155655756756543	0.000845289953215
JUN_0	3.1904717705733447	-0.05690156034001734	0.0010363055747
OZF_0	2.8819549713396	0.05022288676791478	0.00110284724463
HNF6_0	3.063145637106638	0.034380715604905944	0.00111111318206
MEIS2_0	2.60422605308447	0.0717587683439153	0.00129389959116
COT2_0	2.937016107464814	0.045321345952123074	0.001639102607
JUND_0	3.243410141653711	-0.051831362572353795	0.00165281425185
PURA_0	3.5693153754169784	-0.02491361519382522	0.00181299046488
MAZ_0	4.312991424258661	-0.0096397215304818	0.00188058051468
CREB3_0	1.7671558660821802	-0.2800239097313373	0.00193853117298
HXA9_0	2.9317120670567554	0.05581215811823087	0.00243320712647
LMX1A_0	3.2884728005997825	0.016890649935396754	0.00254646486117
AP2A_0	2.9872192299080047	0.04753255054587345	0.00282672142507
P53_0	2.45484486000851	0.12307579485516904	0.00317685549915
CUX2_0	2.955447210577695	0.036392556714772595	0.00358646834706
P53_1	2.72222246396973	0.0700146760186185	0.00364959912956
P73_1	3.15044940946088	0.03683334046087609	0.00367674550507
MEIS1_0	2.822494985278751	0.05497936901657781	0.00405265049671
NKX61_1	4.2440295890300215	-0.007560183019135877	0.00429243778026
ZN467_0	4.203277720892417	-0.009553643029833745	0.00442695720823
BHE41_0	2.521138083704036	-0.08059780427484368	0.00445675376532
LHX4_0	3.2053397214315225	0.01979609061461405	0.00446346450948
ZN121_0	4.037326877689722	0.007654905592717422	0.00460471231713
E2F8_0	2.712228669619535	-0.049652816650840065	0.00543603058059
RARA_0	3.496376054012401	0.01917065056591971	0.0056599032457
THA_0	3.521399628115375	0.014077091869405237	0.00597064830841
ISX_0	3.1444185186020683	-0.01927439630636204	0.00630098756931
PBX1_1	2.574609941340187	0.03285026255815039	0.00640781663702
NFE2_0	2.687528961214634	-0.08505372453200091	0.0068010342952
ZN148_0	3.7818271529324274	-0.01751381671383906	0.0068983034931
FOSB_0	3.2003031829815844	-0.04510618601054925	0.00759465097146
SOX3_0	3.176235999760871	0.03186919190489229	0.00764921305949
SP2_0	3.93422061592042	-0.017727951891020888	0.00787608923371
ZN341_1	2.8065191340807045	0.05300722342935543	0.00875888196404
ZN335_1	4.1938478199735565	0.008498953202187827	0.0100472220739
NR2F6_0	2.701136066092526	0.04720349602090754	0.010216782656
VEZF1_0	4.3184702953066765	-0.007565770445738222	0.0110959143842
BRAC_0	2.691523522168154	0.047022840018462006	0.0117807206402
NRL_0	2.5622928644564746	-0.07802619145210643	0.0117834693005
PRRX1_0	3.716754357432697	0.013600143366302166	0.0130821390165
NKX25_0	3.6111389003956456	0.01847253626148722	0.0134070864956
GBX2_0	2.9198622535555376	0.021740185482920497	0.0134260810695
HXC6_0	2.070037866607755	0.09103819932281065	0.0141111389775
TBX2_0	3.133219456732494	0.01747495732749057	0.0145671764937
ZSC16_0	2.0064660422492313	-0.10090514358080932	0.0148855344477
HXA1_0	2.896526217489555	0.02560634020218005	0.0156411847485
SMAD1_0	2.977037335224681	0.03574597688330171	0.0176883601921
EVX2_0	3.1007150865730817	0.025925018190229493	0.0192746933977
COE1_0	2.946206553842783	0.03817411475098062	0.0206989144186
PAX5_0	3.8761312040620655	0.008045739654527874	0.0207069801388
ZN384_0	2.853698211776174	-0.03436036653628152	0.0213613483718
AIRE_0	2.815577748324267	0.03462342266757183	0.0223545618014
COT1_1	3.2132520521963963	0.025771114116512533	0.0228584594153
MEF2B_0	3.0388187873736556	0.025827238315957485	0.0229774262253
FUBP1_0	3.664688974580239	0.010860079229231193	0.0230994164547
HXB2_0	2.473486970064568	-0.049194106681092274	0.0233992179408
SP2_1	3.421192468305749	-0.028414370101762593	0.0257090918029
NR4A2_0	2.7934411329776636	0.0382379882951015	0.0266072603379
OVOL1_0	2.7323937598229686	-0.0366635857566159	0.0269207720241
BHE40_0	2.6464037262230695	-0.04352617723976057	0.0274299711539
BHA15_0	3.1156105116742996	-0.03251160150645643	0.027585591074
ZN740_0	2.9576072870600947	-0.024646630319380747	0.0280057117198
PAX6_0	2.5125509929042105	-0.05494813168598019	0.0281432952538
HXD3_0	2.5465426634781307	0.04626957252874752	0.0287997079207
SPZ1_0	2.2999429000227667	-0.0751231104358155	0.0296104378727
EVX1_0	2.7497363155690606	0.04694812550424998	0.0310567112444
ZN770_0	4.30072588307482	0.004914138187307704	0.0313965416843
MAX_0	2.4440447959180758	0.0556558223605044	0.0332413729089
ZN582_0	1.9566485792052033	0.06888659506464047	0.0342295112656
SP1_1	3.409425868671443	-0.027979829355161384	0.0349115015378
JUNB_0	3.3483048630481607	-0.030298493915668828	0.0361802876858
CTCFL_0	2.8615344108590377	-0.05356204716207516	0.0361865590362
PO4F2_0	2.5998830720736876	-0.03476601240626184	0.0375363499555
RHXF1_0	2.415807727635543	-0.049560643072541176	0.0378216227833
TBX5_0	3.4130481693178747	0.013141671295289129	0.0396374117407
ESR1_0	2.5237464668115646	0.05107781988407417	0.0409909567291
PPARD_0	2.550839605065785	0.055410317911702645	0.0420990290276
RFX4_0	2.3394514413064402	-0.07644675237266735	0.042594654776
ZNF41_0	2.4273237863572468	-0.05716222837116222	0.0430302406255
NKX61_0	2.8959747323590643	0.020427134379697176	0.0433166536296
HXA13_0	2.851258348719075	0.029357589347167312	0.0450805900721
ATF1_0	2.3138672203691533	-0.08334138158815671	0.0478093370585
ZNF85_0	2.5289167002776547	0.051643988014217324	0.0480201031484
CDX2_0	3.115277591395901	0.022269247670546777	0.048380045247
RARG_1	3.94865743214132	0.0081785116691471	0.0484461235948
BATF_1	2.7234556720351857	0.04157225596712322	0.0486503367491
ESR2_1	4.133331291536331	0.006918051747822481	0.0498671982073
MAFK_0	2.2564772062416765	0.08715586095937652	0.0502511979367
ZSCA4_0	2.2367890994092927	-0.06444965825216124	0.0530747243432
MYF6_0	3.89768206179642	-0.011241395607131053	0.0538960852083
SOX8_0	2.3793055177505815	0.0456112210025706	0.0557078029997
TWST1_1	2.710117365111816	0.04224968806290352	0.0561625217647
P63_1	3.1668739508588186	0.023544534440428422	0.0578743410465
NR2E1_0	2.2741578492636796	0.05674255856533468	0.0583326233736
CTCF_0	2.836007459125531	-0.0507794206077746	0.0584432910641
GATA3_0	3.2153731527834215	-0.015209941550359781	0.0607171984421
HMGA1_0	4.107277822859771	0.005492545124086931	0.061005751337
GFI1B_0	2.8808135922807914	0.027253738169928446	0.0612339134242
PRGR_0	2.578639209968072	-0.03991647096659226	0.062527000244
PRRX2_0	3.9697186945647673	0.00593945898479214	0.0654958342772
VAX1_0	2.363611979892144	-0.03594222642510343	0.0697958260727
FIGLA_0	2.800029359244134	0.023034229112774675	0.069976059714
NR4A3_0	2.677606952720493	0.031645203537875685	0.0702570393882
ANDR_1	2.6127838567197355	-0.03941729770406911	0.0711191466819
TEF_0	2.725503268859315	-0.02492498721653457	0.0713308931837
SOX13_0	3.517723594833735	0.012384916765791525	0.0714273651479
BACH2_0	2.7279477095447966	-0.05417676949732406	0.0724031825837
RXRB_0	3.5780085095732557	0.009467173131375359	0.0733744747679
ZNF41_1	2.785685668280901	0.028390550465279565	0.0743366783533
FOXA3_0	2.855216194733363	0.025995979666627603	0.074678512585
TBX3_0	3.363423932917176	0.013028117781626958	0.0751353604559
REST_0	2.220108088040055	-0.0540219147304384	0.076685776462
NR4A1_0	2.962132469298235	0.02444208424618352	0.0769298926778
ZN281_0	3.5462958351214424	-0.014814108766589949	0.0777393509808
SRF_0	2.505149978319906	0.04443352475760977	0.078543439434
ZN282_0	2.625312450961674	0.031113987075085628	0.0791038138228
EGR1_0	3.5010592622177517	-0.01692476934969503	0.0794134840432
FOXK1_0	3.1737688231366494	-0.01604768783733393	0.0799804165006
SRY_0	3.7861478160971753	-0.007312669477722437	0.0805087639229
TAF1_0	3.398807730203264	-0.019117614575039105	0.0811318364213
MITF_0	2.625312450961674	0.05494149294875947	0.0831330673627
THAP1_0	3.035829825252828	-0.03133130185827962	0.0835055562264
ZN264_0	2.3953263930693507	0.04313461225291067	0.083892361792
ZN136_0	2.4578818967339924	0.03779293663337679	0.0855075803782
TYY1_0	2.4191293077419753	-0.05990233382824883	0.0865797370174
DLX3_0	2.677606952720493	0.027464377051136045	0.0884010946579
SOX4_0	3.1854004831904525	-0.01930582926626742	0.0895072014601
BATF3_0	2.648360010980931	-0.032720918176832745	0.0905970183226
AP2C_0	3.1151110355043476	0.024003248127183574	0.0929779787445
ELF3_0	3.095343731872525	-0.02655427137782415	0.0942903899624
ZN713_0	3.3430144971507674	0.012451262503001154	0.0956013454679
ETV4_0	3.3679147387937522	-0.019433704297272786	0.0962547800999
HNF1A_0	2.5954962218255737	0.03462542826473067	0.0964277508514
PO5F1_0	2.53529412004277	0.028374336079258988	0.0965959448044
FOXP3_0	3.292034435994736	-0.011569148475919782	0.0979624327585
SP4_1	3.58029758843657	-0.015902004477590825	0.0984178409454
ZN708_1	2.8014037100173548	-0.031695521772380164	0.0998333155412
TEAD2_0	2.8591382972945305	-0.029415131113719628	0.100616286833
EPAS1_0	1.9319661147281726	0.07504442618072002	0.101327532129
PATZ1_0	4.0873731878886534	-0.007550386655492373	0.102867853515
NF2L1_0	3.885389493491494	-0.008802785632218339	0.103698450332
E2F5_0	1.7817553746524688	0.12899372030918463	0.104409810364
GSX2_0	2.9527924430440917	0.015033855009079342	0.105209049355
HAND1_1	3.9989129043587854	0.008021086297000992	0.106713800013
ETV6_0	3.6182573448404005	-0.013362872107708144	0.106828890997
MAFA_0	2.7238659644435037	-0.03562176771352252	0.107088458673
WT1_0	4.006123606211854	-0.008152235145517687	0.109782217468
PATZ1_1	3.7716242216690525	0.009992982914329459	0.110409443417
GLIS2_0	1.7032913781186614	-0.10952571045162544	0.1133612588
CEBPZ_0	2.7969210753301685	-0.04048322024037601	0.114204288641
RXRA_0	3.346646317576889	0.015130042215987434	0.115213318876
NDF2_0	3.163012209774829	-0.01788383341087184	0.11864168299
RARB_0	3.7660036441782805	0.007431026659338135	0.118689430924
AP2B_0	3.151829340131871	0.023731628995309534	0.118780380632
MYBA_0	2.4487063199050794	-0.04097306551305298	0.11884537514
PO3F1_0	2.8145805160103183	-0.020747461099778375	0.120690157555
ZN410_0	1.5185139398778873	-0.11717116378673395	0.124949557624
PO6F1_0	2.244277120801843	-0.04573224585170922	0.126130151446
CUX1_0	1.8976270912904412	-0.059407718049185	0.126260984221
ETV2_0	3.0368284333771127	-0.02685648735715343	0.128509799577
NOTO_0	2.537819095073274	0.03057623379800912	0.129272645562
SPDEF_0	2.620136054973757	-0.0379444666007292	0.130844187874
SP4_0	3.6630409748939736	-0.013579394111464275	0.132560099427
GATA1_1	3.0251009610468134	0.019381870631737325	0.134776617864
E2F7_0	3.1137762838370313	-0.02395305940286857	0.138189218198
ALX1_0	2.681693392004564	-0.017187392410298985	0.139060066765
ZN563_0	2.6702458530741238	-0.03635226227817728	0.139788465555
HIC1_0	2.846955325019824	-0.026238455964574914	0.140942193286
TF7L1_0	2.8567288903828825	-0.024334965952121743	0.141261738095
ZBT48_0	2.656577291396114	-0.028949466032744203	0.141299953703
ZN350_1	2.383815365980431	0.04683002263108134	0.141315677425
SCRT2_0	2.5921767573958667	0.041677518360714066	0.142510924812
NFYB_0	2.8597385661971466	-0.03458038465895877	0.145687221146
CREB1_0	2.2121876044039577	-0.0714962437785027	0.14608129072
PPARG_1	3.0618293072946985	0.018587997088726285	0.146228177518
PITX3_0	2.4899584794248346	0.03255822876194829	0.146321185277
HES1_0	2.545307116465824	0.03567554097903752	0.149874448527
HSF4_0	2.3738311450738303	-0.03808294080051797	0.150045130198
ZN134_0	2.1889284837608534	0.046428543791377834	0.150119878071
NFIL3_0	2.6074550232146683	0.022760053112165037	0.150675477376
ZN816_1	2.715585551893196	0.028826989657312688	0.151835935307
COT2_1	3.0117818305481063	0.02116583969480336	0.152354948547
PDX1_0	2.73679475492436	0.02035321927560526	0.153237985922
NKX22_0	3.9520170900474256	-0.007357686597945832	0.154667236662
FOXO4_0	3.2119210843085093	-0.013104389734530068	0.155800235883
ZN250_0	2.537819095073274	-0.028249762337098798	0.159907871226
ATF2_2	2.0588054866759067	-0.0844383360523244	0.160704800688
SOX7_0	1.8836614351536174	-0.040207250943292513	0.16215514739
DLX6_0	3.356981400993131	0.006634311696768808	0.164950784105
NR2C2_0	2.6753199833392918	0.031131048553831198	0.165602751187
ZN528_0	2.263636068588108	0.04963622438964914	0.166451198646
ZN784_0	2.446381812222442	0.028282487146539845	0.167920735358
FEZF1_0	2.9945371042984976	0.016726723770891364	0.168215451797
ZN329_0	2.2612628687924934	-0.03183767714581756	0.171548249627
IRF3_0	4.199329996688036	-0.003401496528875057	0.174573538702
MAFB_0	2.8286598965353194	-0.03280867748459246	0.17566008887
ASCL2_0	3.322426052405952	-0.014714034958879517	0.176149017129
MYOG_0	3.194514341882467	-0.017776801186792618	0.183545609559
SMCA5_0	2.301029995663981	-0.035643605755567256	0.183749330748
DUX4_0	2.404833716619938	-0.02143226766138131	0.184491610185
ZN214_0	2.7671558660821804	0.022622937354307177	0.184862532789
TBX15_0	3.85618492672717	-0.0074454525946437405	0.185982882361
BARH2_0	2.745074791582057	-0.01652421003863056	0.18622906732
RFX3_0	2.4232458739368075	-0.04111369367721923	0.186230879401
CEBPE_0	2.442479769064448	0.029699152399320285	0.187251478575
NFKB2_0	2.725503268859315	0.024665844932661635	0.188555313105
NFAT5_0	3.689974444666774	0.00801534199186603	0.189009572272
FOXA2_0	2.899546931090867	-0.01764702483278234	0.190644863434
MLXPL_0	2.021189299069938	-0.055561996819719586	0.19066882454
EGR4_0	3.334152052992286	-0.016614181057752836	0.190975493731
TAL1_1	3.001733712809	-0.0185824345975468	0.191941370772
KLF8_0	3.2611438677006666	0.015411479289841963	0.192215748625
ERR1_0	2.962606072924127	-0.016144713687308562	0.192888918226
XBP1_0	2.0374264979406234	-0.0765997781162443	0.193544487858
FOXD2_0	2.9198622535555376	0.012172400799147201	0.194446478053
ZN554_1	3.048053173115609	0.020210037737999648	0.196948942845
PO3F3_0	3.50589578121975	-0.005462981828743234	0.197336942429
GATA1_0	2.849419413796899	-0.02733021028568547	0.198083445726
HXD11_0	3.51936852704	0.007289651818124883	0.200424776237
TEAD3_0	2.9527924430440917	-0.01745391498182486	0.201141897504
HXC12_0	2.9135489579065177	0.013952368804485861	0.201261706562
E2F1_0	2.9138138523837163	-0.025709577636643804	0.201519656193
E2F3_0	2.589391023136933	-0.03374739864969156	0.202023602465
KAISO_2	2.6507930396519304	0.03356892828492644	0.203563109885
ETV3_0	2.5308397786165204	-0.02929104981791604	0.204544972022
MXI1_0	2.6857417386022635	0.03150191517352341	0.205112971544
KLF16_0	3.7900387358360303	-0.00825588859350698	0.206088401519
NFAC4_0	3.193541988566217	0.010618820441600759	0.209237693118
GSX1_0	2.9201233262907236	0.012639273041826432	0.209443934364
JDP2_0	1.8061799739838869	0.08942386938030733	0.209522779886
NANOG_1	2.8068580295188172	0.020000437159628556	0.210359729949
SOX21_0	2.40226138245468	0.02506694333586821	0.213491100991
BARX1_0	2.9397687754533495	0.01335885858261822	0.213656100829
AHR_0	2.1398790864012365	0.05353248949431888	0.215911271002
TBP_0	2.761927838420529	-0.016987567649364307	0.217112187571
FOXP2_0	3.1744959193752993	0.015088894885381886	0.217215517191
ZN322_0	2.755493728415119	0.01993213351457815	0.217261553364
ZN274_0	2.191730393362856	-0.053839729765644745	0.218128279446
E2F4_0	3.117933835039641	-0.0206462876557241	0.219425587773
HXD13_0	2.829303772831025	0.014549820128826546	0.220298112252
SHOX_0	3.173623257698081	-0.007617953467480348	0.220375380242
DMBX1_0	3.066325925362037	0.0075528820473210485	0.221675863672
ONEC3_0	3.0809870469108867	0.011859434801444345	0.222761711688
TAL1_0	2.697665162647674	-0.03307157947621789	0.224900040129
ZN418_0	2.849112166184577	0.02583216387355944	0.224981824094
NFAC1_1	3.257198426139344	-0.011197616665055933	0.225480871197
TGIF1_0	3.5624713049774686	0.008678823749062455	0.226189909476
HOMEZ_0	2.1398790864012365	-0.029701889670357848	0.226453057685
PTF1A_0	3.105169427999331	-0.017863202253627336	0.232336362843
VENTX_0	2.6959192528313998	0.017585011137623764	0.233653739843
NANOG_0	2.6794278966121188	0.017935578105324965	0.235734450609
OLIG3_0	2.4393326938302624	-0.022240341458939362	0.2362492794
SOX15_0	4.047294342036405	0.004771355002109153	0.236377073359
PRGR_1	3.2030328870147105	-0.012188741575659563	0.236544130315
PRD14_0	2.295567099962479	0.03289589233583101	0.237783362776
SP3_0	3.9372670722114123	-0.007708656660781325	0.238381736713
TEAD4_0	2.9772662124272924	-0.018560431123784582	0.239673524016
CEBPG_0	2.5017437296279943	0.03380914031517482	0.240458974211
MEIS3_0	2.7690078709437738	0.016604396763674478	0.241438274753
ZN490_0	2.1613680022349744	-0.03713801043234647	0.241443839066
ZBT17_0	3.933917319988705	-0.005831744840630036	0.245011752421
TBR1_0	2.3394514413064402	0.02587054136722052	0.246373805481
ZBTB4_1	2.1613680022349744	-0.03808030950101243	0.248169676939
OLIG1_0	2.2417954312951984	0.04545270878070237	0.248403079701
GCM1_0	2.3242824552976926	-0.03392160736420137	0.249441762989
ANDR_2	3.4138025167693513	-0.009847706007923519	0.250029398815
FOXI1_0	2.659440781870318	-0.034332522758437706	0.253273571954
MEF2C_0	3.0191162904470725	0.01269804391498608	0.254247107516
RFX2_0	2.3031960574204886	-0.04428398269256065	0.254601303341
ZN436_0	2.6439459127480665	-0.022469342633493372	0.257269637697
DDIT3_0	2.8842287696326037	0.016408691395983388	0.257429586358
HXD10_0	3.03181227133037	-0.017250857500649863	0.258727242869
RREB1_0	3.288807947483478	-0.008789991062655265	0.259407376554
KLF15_0	3.969369311733527	-0.005954203389899547	0.260508022053
STAT3_0	2.9829492885744986	0.0188711735431972	0.260555173333
ISL1_0	2.832828129539353	0.01836027930902323	0.261020103252
TFE2_0	3.237543738142874	-0.013021627119585098	0.261371506099
OTX1_0	3.448397103457767	0.007381555293844504	0.26254274464
AP2D_0	2.841672250073634	-0.02034822082525381	0.263406447074
TLX1_0	2.741151598851785	0.023417615534238573	0.265229054369
KLF6_0	3.845594093160024	0.0075920314773651205	0.268317065959
ATOH1_0	3.2989621819201163	-0.01165956244682846	0.269205517253
MEF2A_0	2.999130541287371	0.012396085293699727	0.271445052975
DPRX_0	1.9084850188786497	0.03507135914544416	0.27266838791
STA5A_0	3.2147114210053838	0.012773851259570078	0.272874184823
WT1_1	3.554670835171456	0.008441463401346926	0.273571618067
KLF9_0	3.172748838982743	0.01942928999495283	0.27366646745
HME1_0	2.812244696800369	0.010625801600992598	0.274979099483
IRX2_0	2.6834973176798114	0.02235968434448457	0.275145621999
TBX1_0	3.3767593954048793	-0.010736306173295377	0.275334747758
NKX23_0	2.7218106152125463	0.021163994580184864	0.280377378078
LYL1_0	3.1533574714829733	0.013588720989919272	0.281610871603
REL_0	2.725911632295048	0.0209963626981772	0.2841842822
NR6A1_0	2.4800069429571505	0.023337698069677823	0.284382435663
KLF14_0	2.858236335429513	0.024424094828689513	0.28693952311
HXB8_0	2.702861170572929	-0.012612652388648922	0.287175991249
EHF_0	2.9890046156985366	-0.0208640563162871	0.28771425052
ZN341_0	3.903524064471262	-0.005388113404121748	0.288555721352
NDF1_0	2.90928852416225	0.01686518809229802	0.288810611866
ERR2_0	3.030802048772267	-0.011796082309626156	0.290997687296
RX_0	3.1246672176986094	0.008030991589264557	0.291311436242
HXD9_0	3.3156555252315307	-0.007680876471371589	0.291624106926
E4F1_0	1.7363965022766423	0.09610382949994842	0.29410198
MZF1_0	3.252731702726023	-0.00966133658024458	0.295558882765
TF65_0	2.725503268859315	0.019743583472840914	0.296507181784
MYBB_0	2.9036325160842376	0.015120124187627372	0.297348259874
PO4F3_0	2.5415792439465807	-0.018372781145583904	0.297833004476
ZN263_0	3.797440669986648	-0.006248482400641712	0.297894519298
HIC2_0	3.1308160500347437	0.012910619452236942	0.298279399904
UBIP1_0	4.457889462774043	-0.002668932358105126	0.300294876034
OSR2_0	3.358410786206336	-0.011772399961325062	0.300432325491
TCF7_0	2.715585551893196	-0.01823116684494311	0.301004660452
P5F1B_0	2.736396502276642	-0.014551308185953632	0.30234892224
HXC8_0	2.5224442335063197	0.01626650204772733	0.304868135892
RFX1_1	2.7528164311882715	0.020489712974498225	0.305216762802
MEF2D_0	2.9427519204298136	0.012992767772670487	0.307254140076
EGR3_0	2.6111920608684343	0.024045718119803133	0.308769927727
ZN589_0	2.519171463821659	-0.028614814070477418	0.308960076945
ZN317_0	2.5340261060561344	0.019586843660928673	0.30939646289
CPEB1_0	3.855367701618522	-0.0037444419270635503	0.31295774842
ZN263_1	3.608686457570363	-0.008233021669902417	0.316574184253
ID4_0	3.3868555291847238	0.006900771929618967	0.318591729287
ZBT7A_0	3.380844126464665	0.00806743045047151	0.318933478776
FOXC1_0	2.6196150057428063	0.0245096985837836	0.320842450202
LMX1B_0	3.249442961442582	0.005570998009022927	0.322528793731
ESR2_0	2.5831987739686224	0.0228684225492706	0.323386885201
GRHL1_0	2.68439647841902	0.022126988650829238	0.32424359089
CR3L2_0	1.8920946026904801	-0.05879824082171678	0.325120003193
ATF2_1	2.131939295210424	0.03125393473978447	0.32513921069
HXB4_0	3.319001899462316	0.008661259313166804	0.325610694943
EGR2_1	3.5494324370975345	-0.008355361277536636	0.327588336164
HXB6_0	2.4727564493172123	0.02087509563883582	0.327590376149
TF7L2_0	2.658011396657112	-0.0218380742076833	0.328584801865
ZN219_0	3.1434832106700616	-0.010748578676693555	0.330997363323
NOBOX_0	2.6454222693490914	-0.01652521897062937	0.332470607805
CR3L1_0	2.103803720955957	0.05449956638783873	0.333413895088
VAX2_0	2.3541084391474008	-0.019545545888886934	0.334495666399
GATA6_0	2.9802306913910313	0.016594593512394645	0.337264308589
BHE22_0	2.524396122103842	0.02340801682713778	0.340106820796
ZN768_0	3.0544215244625357	0.010349421502158203	0.340300508506
SPIC_0	3.8401688492407557	0.004770174766484879	0.344706080005
ZN394_1	2.9299295600845876	-0.012374609785927663	0.344957820736
NFYA_0	2.811575005870593	-0.023231891414173617	0.349398692848
PPARA_0	2.661812685537261	0.021880635556379036	0.34969379218
OVOL2_0	2.477844476338758	-0.02187384850937653	0.352724737152
HBP1_0	2.9044450410769094	0.012433291413341029	0.353258520934
HSF2_0	2.5282737771670436	-0.018004709721623352	0.353367424538
ZFX_0	3.1772478362556233	0.012971873440199929	0.353372433532
FOXF2_0	3.0766404436703416	0.010681870119221145	0.354545925467
CLOCK_0	2.696356388733332	-0.01826732456256913	0.355185123923
FOXJ2_0	3.8467081454560064	0.003283695030132318	0.357132847421
CDX1_0	3.398981066658131	0.006303931256100877	0.358690321645
NR1H3_0	2.5575072019056577	-0.022377037819286058	0.36046395082
SOX18_0	2.828337600059004	-0.013804285279938487	0.361312000018
GATA2_0	2.8280150642239765	-0.019337935937636747	0.361916777357
ZN547_0	2.1003705451175625	0.032543700619689794	0.361982820604
TGIF2_0	2.6106601630898796	-0.018163860164132725	0.363393149822
ZEP1_0	2.697665162647674	0.017375162023409718	0.363483552022
ZFX_1	3.3807537708038997	0.0087993426349417	0.364201276666
MYC_0	2.5085297189712863	0.024635854993040635	0.364725883381
LHX2_0	3.075911761482777	-0.009032248531880371	0.365860164262
TBX19_0	1.7075701760979363	0.0536964122532559	0.36641109773
SMAD4_0	2.866877814337499	0.01625390354220771	0.368582178531
BC11A_0	3.499755794663781	-0.006509415281074944	0.368776721613
MLX_0	2.287801729930226	-0.03704710960514895	0.369319902227
IRF2_0	3.1778249718646814	-0.008800234833413979	0.370050150124
ZNF76_0	2.6825962914605532	0.025931297610173015	0.370238043246
ZBTB6_0	2.7969210753301685	-0.0176906537611268	0.375465081142
SRBP2_0	3.2062860444124324	0.010375171101561264	0.376245794595
ZF64A_0	2.9649663748310977	-0.015238097545843652	0.377682918943
TWST1_0	2.5269850685599953	0.01602597363664402	0.379447695937
HMX1_0	2.701136066092526	-0.010291897612142222	0.380612757524
GLI1_0	2.6133131614554594	0.016321193538206977	0.383305035335
HME2_0	2.4608978427565478	0.015029405712487268	0.383393624549
ALX4_0	2.1613680022349744	-0.019501079909753513	0.384729537246
ETV7_0	4.305061026102978	-0.003067525166531441	0.384736675081
SOX2_1	2.7767011839884104	-0.013927599492879332	0.384879093165
ZN418_1	3.097083696066521	-0.009941551845391179	0.385516061312
SOX2_0	3.3261309567107946	-0.008127518943077392	0.387306187616
NFAC3_0	3.069483093934611	-0.00930935439517312	0.388564741581
GBX1_0	3.2231063809285874	0.0053909300490351825	0.389674212025
PBX2_0	2.8145805160103183	0.010805078987055067	0.403232987318
STA5B_0	3.046300019652969	0.010142269370996578	0.405921479946
CEBPB_0	2.963315511386111	0.008006349886917364	0.406299387046
CEBPD_0	2.889861721258188	0.00879614429553561	0.407010694634
MYB_0	2.7431176252147416	-0.01633343377038439	0.407299589588
GCR_0	2.5611013836490555	-0.018557801548933925	0.407419653399
SP1_0	3.582631439489636	-0.008756720675274802	0.407552963467
NKX32_0	2.6584883813090165	-0.014334537680200722	0.408103010271
VSX1_0	2.916190659980537	0.006795630237919783	0.409080905815
HSFY1_0	1.5051499783199058	-0.05004295183093578	0.410335052348
IRX3_0	3.136879039875517	0.007782188440914281	0.410355228372
NFIA_1	3.6356847625472226	0.005634358217797413	0.411243014642
IRF7_0	3.0447356974505064	-0.011018998269385722	0.412249989932
INSM1_0	2.356981400993131	0.026116111494544333	0.413676513121
NKX28_0	2.786396461372304	0.013604670041354393	0.413965891416
HLF_0	2.302114376956201	0.022028147989025457	0.416464586152
ZN680_0	2.176091259055681	0.0311031051771902	0.418389824044
ZN232_0	1.6674529528899538	-0.029943500209037834	0.418427746432
PAX4_0	2.873029812061044	-0.00809620352896921	0.418832266814
MAZ_1	3.6205004178372606	-0.007086974336026312	0.418847909124
GSC_0	2.343408593803857	-0.020280654237422216	0.418962075668
BARH1_0	2.5085297189712863	0.014110465330162693	0.423325969079
RORA_0	2.7842605825660836	0.012806589687639024	0.427011637324
KLF13_0	3.2296818423176754	-0.010786572250573443	0.427017627469
ERG_0	3.348012638422195	-0.009489180741312163	0.432360868971
GCM2_0	1.9057958803678683	-0.045912874012702054	0.433361810304
HESX1_0	2.3074960379132126	-0.02640232168436811	0.43364678593
ZN140_0	2.452553063228925	-0.013290189216104196	0.433647613001
Z354A_0	3.1947917577219243	0.006082846869574292	0.433794983955
HEY2_0	2.5848963441374497	0.016757680953717186	0.433893737679
RFX1_0	2.5526682161121927	-0.02536843126672192	0.435108738535
MEIS1_1	2.8796692056320534	0.013448839578920792	0.435195743329
PAX7_0	2.0809870469108867	-0.01561583245083834	0.436603001008
FOXF1_0	3.394714279533342	0.005126632111823461	0.43932784336
MXI1_1	2.5085297189712863	0.02017994808415295	0.440182956582
NFIC_1	3.174931593528442	-0.01021710570832751	0.441548228507
ALX3_0	2.6879746200345553	-0.007779410084706716	0.442919981737
ZSC22_0	3.1733319803686495	-0.009811529200059147	0.445034579079
HXA2_0	2.7113853790984512	-0.010433261078277188	0.445225004414
SALL4_0	3.6305295714268238	-0.005310187722756375	0.445252774793
GATA2_1	3.0572856444182146	0.009225567955461702	0.447828229865
ELK4_0	2.265996370495079	0.0386179537937337	0.447967651463
SNAI1_0	3.3487914675605834	0.007612577059404048	0.448947323441
EVI1_0	2.3953263930693507	-0.02005452762601223	0.45382330366
RELB_0	2.7577754910119254	0.013816459342965064	0.453989908614
KLF12_0	3.409933123331294	-0.009969883106305004	0.455190868971
FOXO3_0	3.0354297381845483	0.00948350613823633	0.455946231704
KAISO_1	1.7403626894942439	-0.07090137182728676	0.456883132981
PO2F2_0	2.9296743179485873	-0.008484085206081021	0.458525072087
ZEB1_0	3.447700560434513	0.006310587305552924	0.459827661117
IRF8_0	2.9905608299940196	0.010095567794907405	0.461002788399
ZBT18_0	2.946206553842783	0.011376731323017851	0.461846287305
NFAC1_0	3.5581683658698955	-0.004434682130072682	0.463946868331
HMBX1_0	2.2121876044039577	-0.021951170653855143	0.465500379732
ELF1_0	2.717670503002262	-0.021143093135001206	0.46707417612
HXC10_0	3.7898274003175523	-0.0025693825862172556	0.468337299411
HXD8_0	3.0178677189635055	-0.007792362645821364	0.469038404682
RUNX1_0	3.056714329516394	-0.009178199128818175	0.472870915731
NR2E3_0	2.707570176097936	0.01137204703016781	0.475626333481
OLIG2_0	3.033222646670249	0.009236440235653844	0.476338159558
ZBTB4_0	1.8948696567452525	-0.0333893468152618	0.476791297927
GFI1_0	2.8683504996479683	0.009896602422924438	0.479297297694
IRF5_0	2.3579348470004535	-0.015620898117526488	0.47998262923
HAND1_0	2.8561244442423	-0.012071822006116865	0.481167857275
ETV5_0	3.6017884724182716	-0.005531028080358212	0.482217598228
PAX2_0	2.1139433523068365	-0.027338519509361683	0.48569323448
PHX2A_0	2.4393326938302624	-0.011672819295162845	0.48591359421
EMX2_0	2.888179493918325	-0.007124073342995285	0.48675442006
OTX2_0	2.428944290035574	-0.018486469164859395	0.487036246196
NR1D1_0	2.90714253100314	0.011475370752319735	0.487935264894
ATF7_0	1.6334684555795864	0.04339636747045249	0.488581828141
ATF6A_0	2.0737183503461227	-0.037339438564215705	0.489800527129
PITX1_0	2.7478000908643683	-0.01179839588313143	0.490938915391
THB_0	3.3477202170340377	0.004722735619766766	0.492765062796
HXD4_0	3.308884414422016	0.004945659092351404	0.493025980568
NKX62_0	2.963315511386111	-0.007248083441317268	0.495531107878
NFAC2_0	3.3901399384676223	0.005565383123441141	0.501091977016
MAFG_0	1.9822712330395682	0.03423205352352984	0.501970467034
CREB5_0	1.6946051989335686	0.03672779094893479	0.5027814514
ZN708_0	2.1598678470925665	-0.02628395220986718	0.505065651979
FOXQ1_0	2.7201593034059566	0.009735583809668826	0.506914064983
ZN423_0	1.1461280356782377	-0.09624732217323717	0.507210745517
ZBT49_0	2.234264124378789	-0.018284857654603207	0.507505598313
GMEB2_0	2.041392685158225	0.023227142755773228	0.509255388322
KLF1_0	3.5485122563410356	-0.007063899843365943	0.509404730524
FOXB1_0	2.5397032389478253	0.010357596175048911	0.510312533037
NKX31_0	2.858236335429513	-0.008983514597523915	0.513101184904
ZIC4_0	2.143014800254095	0.026982226056311065	0.514437754994
PBX1_0	2.9752019622578523	-0.009598718979482694	0.514691323785
RFX2_1	2.6273658565927325	-0.0148644151912653	0.516345163143
PDX1_1	3.053654558290747	0.005451660479012634	0.520213580852
CRX_0	2.537819095073274	0.013791393252762867	0.520332062536
PPARG_0	2.766412847112399	0.011934046008131029	0.5208053844
DLX2_0	2.9296743179485873	-0.005701977540323628	0.521880777928
ZN143_0	2.579211780231499	0.021034204912893234	0.525015398749
MYOD1_1	3.043362278021129	-0.009876839903583316	0.526033770935
LHX3_0	2.938769822783117	0.0052259341481787885	0.527525975543
ZKSC3_0	2.012837224705172	0.0282701079621705	0.530999691764
EMX1_0	2.8195439355418683	-0.007146682183656964	0.53100510122
ZN586_0	1.8893017025063101	-0.030744197846583415	0.531271663671
FOXD3_0	3.2813743023550463	0.005665787544362229	0.534995654381
EOMES_0	2.8642143304613294	-0.008198050524855364	0.536354495972
MYCN_0	2.5024271199844326	-0.018806875821662766	0.536393305262
TBX20_0	2.4623979978989556	-0.01479315989715707	0.53645254045
ELK3_0	2.826722520168992	-0.013725061585617785	0.539818665419
ZN331_0	2.34143452457814	-0.021443881975554163	0.540471503709
LHX9_0	3.082964793777751	0.004673346413762875	0.540611685453
ATF2_0	2.699404081815337	-0.01425351191621224	0.541568631632
HLTF_0	3.039414119176137	-0.008286974182388536	0.54347892486
GABPA_0	2.4345689040341987	-0.025319800082924365	0.544702741272
BATF_0	2.5769169559652068	-0.015733896205265746	0.546317137233
ZN549_0	2.1522883443830563	0.02001067605197418	0.548400518292
ANDR_0	3.3583156400821954	-0.004256290430652612	0.548452597538
SOX9_1	3.3223226858740103	0.005395124346590162	0.549410652651
ZN382_0	2.3384564936046046	-0.011697790421758931	0.552997649603
ZIC1_0	3.1709947020363	-0.006332630168623744	0.555476567447
NFYC_0	2.802431626430723	-0.015216726938966555	0.55736230144
SNAI2_0	3.462023444635633	0.004446717276990949	0.564575530608
ZFHX3_0	2.9921114877869495	-0.005465672631942744	0.566680275568
HMX2_0	2.9167170775988125	-0.006568044091420066	0.566887660083
IRF9_0	2.625312450961674	-0.012490439578733898	0.567698634371
LBX2_0	2.5465426634781307	-0.013195080630429566	0.571008205734
HES5_0	2.3453737305590883	-0.009416743712702744	0.571187031021
ZKSC1_0	2.7906369619317033	0.006719856243341449	0.573611031986
PO4F1_0	2.6414741105040993	-0.008847916310770502	0.576873430838
FOXH1_0	2.614369839548288	0.011294179118264138	0.57802800527
KLF4_0	3.3114359682891608	0.007998882409300108	0.579930089303
TBX4_0	2.4313637641589874	-0.008296538188081645	0.581037890415
FOXM1_0	3.106190897263415	-0.00583497611054634	0.582088615446
PO2F1_0	2.823148059810694	0.007501741220496296	0.584208689478
RARG_0	2.720985744153739	0.01115404325275267	0.585102725248
CXXC1_0	3.174641192660448	0.006885360925965952	0.587628222789
RAX2_0	2.997167871445834	0.004929479229043391	0.593443230938
NFIA_0	2.5224442335063197	0.01620359027767529	0.596759032202
HXB7_0	2.7675268994083817	-0.006374005534143105	0.597828739792
TFDP1_0	2.7592900330243038	-0.012546139524513776	0.598160140465
CREM_0	2.4401216031878037	-0.0200733912047856	0.599506459769
GATA5_0	2.7785130117389247	0.0064381449700613175	0.599997801275
PAX3_0	1.7075701760979363	0.017392278966363986	0.603820327241
SIX1_0	2.7690078709437738	0.01019854235412475	0.603952014878
MCR_0	2.581494542290899	-0.011059821109823688	0.604635593605
ATF4_0	2.4983105537896004	0.014813691096511263	0.606819738808
PPARA_1	3.0965624383741353	0.005964901131031751	0.608367413736
NFKB1_0	3.645225711535416	-0.0032055933312283274	0.609538008842
PROX1_0	3.167465028843088	-0.006457610813056956	0.611960787373
GLI3_0	2.597695185925512	0.010469865330085192	0.614904974914
NF2L2_0	2.5502283530550938	-0.01850897207499383	0.616070740046
MBD2_0	2.833784374656479	-0.011531953684283778	0.61682176459
IRF4_0	2.832828129539353	-0.008318017216068422	0.621528487928
ZN335_0	2.5301996982030817	0.014017568439098101	0.623153479458
STAT4_0	3.2246625288410296	0.00591297181720782	0.624492422716
ZFP28_0	3.2642273477562322	-0.0035316820407825366	0.625677023134
FOXO1_0	3.2079035303860515	-0.00548205324137757	0.62576377457
CDC5L_0	2.4828735836087534	0.009650907564001868	0.627903275801
TBX21_0	3.0053950318867058	0.00666438506758091	0.630016507353
ASCL1_0	3.2240148113728635	-0.005945561841803225	0.632257299208
BHE23_0	2.7109631189952754	-0.007953371478861602	0.632522924279
FOXO6_0	2.593839661081271	-0.007071429676445742	0.636002261468
FOXC2_0	2.6884198220027105	-0.009993425513750346	0.636550600593
MAFF_0	2.514547752660286	0.015051445251420133	0.638306700304
FOXG1_0	3.8301393874253424	0.0016211583269065011	0.63948656046
TFEB_0	2.5899496013257073	-0.01442723094796136	0.644201869638
ZN667_0	2.4892551683692603	-0.0117653427666453	0.644638067009
PO3F2_0	2.631950826259217	-0.007832506613463268	0.645476850465
HXA11_0	3.233123078521081	0.0029919451665194347	0.649024999109
MSX1_0	2.6488477083728936	0.005897708157012344	0.65058179701
SOX1_0	2.1287222843384264	-0.01567343269841888	0.652086586951
NFIB_0	3.3835460917244737	0.004796251346767118	0.653198794524
ZBT7B_0	2.461648568063455	-0.015620877497603462	0.656384272287
SHOX2_0	3.0791812460476247	-0.0031288148040553906	0.65653936533
BCL6B_0	2.0625819842281627	-0.01299209700624728	0.656545504477
HIF1A_0	2.468347330412157	0.01377956483574705	0.656587157647
THB_1	2.6807886115066824	-0.009322719158000327	0.656843588343
USF1_0	2.3847117429382823	0.019468549294846677	0.659710013483
EGR2_0	3.7352395000788343	-0.002933580974864845	0.661847578206
NR1I3_0	2.4345689040341987	-0.010476266660484219	0.663667409613
HXC13_0	2.4578818967339924	-0.007957357780828572	0.663893607848
ZNF18_0	2.675778341674085	0.009046736346053007	0.665034460427
RARA_1	3.035229556350212	0.005432136579392332	0.66796085899
RARG_2	2.7592900330243038	0.007753405231745574	0.66975370023
PBX3_0	2.755493728415119	-0.009057162103602466	0.680561052738
FOXL1_0	3.6092741724045876	0.001837386163070472	0.68103046766
ISL2_0	2.7660408603813886	0.006127538522670896	0.682770502721
ZN502_0	1.556302500767287	0.016003390077475095	0.68912777326
MAFK_1	2.5409548089261325	0.014044132474859779	0.690306377922
HMX3_0	2.6897526961391565	0.006686340229030337	0.69062608098
ZN394_0	3.7791273153062024	-0.0016293955829502615	0.691240408196
ATF3_0	2.376576957056512	-0.015689955810786083	0.694261057062
HXC11_0	2.3483048630481607	-0.011837314704977257	0.695331441143
TEAD1_0	2.997604787460454	-0.005921507668085161	0.697139842974
ZN350_0	2.766412847112399	-0.007079867239952962	0.69874407871
GRHL2_0	2.417471693203293	0.012177586251671287	0.698866102089
ARI3A_0	3.595991960396382	-0.0016400024736665363	0.699870802881
MECP2_0	3.977014440868899	0.002224274572965203	0.702602654405
ZN134_1	2.2588766293721307	0.011341018096597546	0.703146677461
SCRT1_0	2.214843848047698	-0.007899963493997816	0.703430522386
ESX1_0	2.916980047320382	0.0034927227280980733	0.70698178573
ZBT14_0	2.839478047374198	0.008916867852591522	0.706991454644
PO2F3_0	2.6688516480825184	0.005560345852734386	0.708780046218
HXA10_0	2.8105685292164124	0.005580965308817605	0.708983902557
RFX5_1	2.7842605825660836	-0.006307437496510372	0.709110142152
ZNF85_1	2.47928731647617	-0.009082665263865445	0.710477831065
OLIG2_1	3.00021709297223	0.004845583829652488	0.716049188816
ELK1_0	2.297760511099134	-0.01779085717680859	0.717054748412
HEY1_0	2.4273237863572468	0.006488236867381031	0.71705634261
SRBP1_0	2.967313918287083	-0.0053013513941900774	0.72143230485
ZN333_0	2.2355284469075487	-0.010521185127213823	0.725620763241
ETS1_0	3.082066934285113	0.006222979309937067	0.728367625362
ZFP42_0	2.5409548089261325	0.009822863349003149	0.731387419323
HNF1B_1	2.5428254269591797	-0.007015224391916567	0.732334718646
SOX17_0	2.8570307982726235	-0.004812897491389799	0.733705971238
THA11_0	2.493458050995188	-0.012521068905071512	0.733948795618
BPTF_0	3.7284755297625956	-0.0016113469617223802	0.734847191822
SOX10_0	2.7303784685876424	-0.00659974848238115	0.735733983959
NRF1_0	2.4487063199050794	0.01410728441298706	0.738534848052
TYY2_0	2.1492191126553797	0.01823634986453862	0.741278989482
ZIC2_0	2.9211660506377384	-0.005876566962225603	0.743340857234
HSF1_0	2.674861140737811	-0.005854339565023068	0.744908464234
FOXD1_0	2.6848453616444123	0.006950305426681293	0.745443524374
HINFP_0	1.1461280356782377	0.04285524192932694	0.748438304297
BACH1_0	2.775974331129369	-0.008929312048209485	0.754605411494
PO5F1_1	3.222065842588586	0.0029465494247313973	0.755220182361
SOX5_0	3.5602653978627146	-0.0015984028678280495	0.756269944474
IRF1_0	3.609967720646661	0.001593932072491944	0.7567603416
DLX5_0	2.591621038213319	-0.00465484727588005	0.759613467966
ZN524_0	2.2095150145426303	-0.012180717744467438	0.76090491647
LEF1_0	3.4021753750315047	0.002436532265426188	0.762139157534
ZFP82_0	3.3158654307367783	-0.002288592730636743	0.762728183327
TFE3_0	1.9731278535996983	0.021369981158351897	0.763921079599
NKX21_0	2.8135809885681917	-0.005665007291856842	0.766102941565
TF2LX_0	2.181843587944772	-0.007144758070673057	0.766651218287
ARNT_0	2.1367205671564067	0.011918303549640479	0.767818221863
SMAD3_0	3.585178628503516	-0.0019445132042616425	0.768681051228
ERR3_0	2.6959192528313998	0.0049761772599809535	0.770806094953
HTF4_0	3.3744733890639753	-0.0027705775463773407	0.772782805671
FOXJ3_1	3.6259294927162946	0.0012678771062545283	0.788568370108
HXB3_0	2.9530344572503564	-0.002266208052127244	0.795130334789
MSX2_0	3.5391388535767745	0.001546530237193965	0.796485045989
PROP1_0	2.807535028068853	0.0030916641222708836	0.799636046701
SPI1_0	3.079000252303849	-0.003567050064393616	0.800907596413
E2F6_0	3.3946267642722088	0.0024942907353886507	0.802215529785
FOXA1_0	2.9940970895882097	-0.003041125262193063	0.803627705559
PRDM4_0	1.7781512503836434	0.016226169247622685	0.803680453355
NR5A2_0	3.203984244420125	0.0023959903312316	0.805163359402
HXA5_0	2.634477270160731	-0.004095248480613751	0.805751932631
NR2C1_0	2.726319612110775	-0.004911310364484221	0.810913020148
ZIM3_0	2.7745169657285493	-0.003774852114560188	0.811527110588
E2F4_1	2.1367205671564067	0.011491249687472118	0.812489720632
DLX1_0	3.0330214446829102	0.002349888561762112	0.813312723908
PO6F2_0	2.6807886115066824	0.004087264967734943	0.816045951247
GLIS3_0	2.1903316981702914	0.00678099628014703	0.816400523164
Z324A_0	2.8481891169913984	-0.0033616395357278766	0.817883265415
MAFF_1	2.9030899869919433	-0.005159975829102907	0.820821883924
KLF5_0	3.5037226064864795	0.002267593114535728	0.821700806036
STAT1_1	3.7826159320316033	0.0009529464429472532	0.826560283796
PRDM6_0	3.998695158311655	0.0006983805478373798	0.828579581158
NR1H3_1	3.134017645675983	-0.0023339847096268945	0.829881839726
ELF2_0	2.6536947953150816	0.006910775031997914	0.830093288589
HXA7_0	2.2367890994092927	0.004987660792515046	0.830573573871
MEOX2_0	3.0151501032294714	0.0020153272762918773	0.831538674901
HES7_0	2.2516382204482115	0.0038623720541041354	0.832956775264
RARA_2	2.4920616045125987	0.006239080313165337	0.8358507408
PHX2B_0	2.68439647841902	0.002563776800816738	0.838068483992
FLI1_1	3.379396175194164	0.00238843628181132	0.838127623267
ZN816_0	2.6702458530741238	0.004125949350726689	0.838846995464
DMRT1_0	2.407390904470731	0.004857145287833738	0.843394346118
BMAL1_0	2.742332282357148	0.004293656184938157	0.845796069689
THA_1	3.5175917307119073	-0.00111190471562044	0.846383000522
PTF1A_1	3.2101847054724066	-0.0023860415391783168	0.847673195755
BARX2_0	2.9907826918031377	-0.0018757761162978403	0.848326440924
DRGX_0	2.3847117429382823	-0.0032656536949477438	0.849402799524
PEBB_0	3.165837624690128	0.002197896088624267	0.85043263537
PRDM1_0	3.013890060328438	0.002696484514110491	0.850531101558
SOX9_0	2.65991620006985	-0.0040473280745088585	0.855323312902
NR1I2_1	3.551937695364837	0.001271572522960231	0.857590612857
ETS2_0	3.7406784252274545	0.0009973759252029663	0.858091813693
HXD12_0	3.325413029667313	-0.0010637929704396792	0.869384583217
PIT1_0	3.0599418880619544	-0.0012960919946177884	0.869399871554
PO3F4_0	2.8472641017707643	-0.0014437710083174942	0.870712243381
ONEC2_0	2.750893920382125	0.002837750674954136	0.871479482
GLI2_0	2.2240148113728635	-0.004066247657005714	0.872801737524
VDR_0	2.621176281775035	0.004322993586952014	0.873361295666
ESR1_1	3.31270614559789	0.0014449826024507135	0.875449757487
FLI1_0	3.830492433249088	0.0007508485242496716	0.876542379081
GCR_1	3.1781132523146316	0.0016296416809051546	0.877106433226
HNF4G_0	2.6268534146667255	0.003727042809329008	0.878104950903
ITF2_0	3.29014595464781	-0.0017290733302538757	0.878159204875
BCL6_0	2.7143297597452327	0.0029638467747738918	0.878898062489
NR1H4_0	2.579211780231499	0.003834261613418573	0.879833939167
ZN554_0	2.822168079368017	-0.0027944492501790746	0.881754457294
STAT2_0	3.420368379857524	-0.0010581779840929655	0.882204856254
BSH_0	2.7478000908643683	-0.0020128160864975025	0.885195239585
PAX1_0	1.5440680443502754	0.010077464151549172	0.885251876419
HXB1_0	2.5178554189300284	-0.003343313761325571	0.885565811672
PBX3_1	2.8241258339165487	0.0030770983159378335	0.885648827433
ZSC31_0	2.575187844927661	-0.0035059607796047425	0.893504739205
RFX5_0	2.4563660331290427	0.003880859421015544	0.897704193845
HNF1B_0	2.4281347940287885	0.0033413676020745565	0.897953896951
VDR_1	3.3458636285037637	-0.0011786532947242172	0.898073797361
PKNX1_0	2.7143297597452327	-0.0027367978716680546	0.89845493309
GLIS1_0	1.9637878273455551	0.0033174930627785527	0.89924398075
RUNX2_0	3.055569440060989	-0.0015492484429053526	0.901294287351
HSF1_1	3.1194208634420866	-0.001339065394364623	0.901828302092
TFAP4_0	3.039414119176137	-0.0016137600167392251	0.902716771225
ZN449_0	2.7172543127625493	-0.002841844106887979	0.903349367096
ETV1_0	2.5563025007672873	0.004247529656431133	0.903529661769
SIX2_0	2.730782275666389	0.002714128275627477	0.90684341673
NR1D1_1	2.417471693203293	0.002578236185395129	0.908473643809
DUXA_0	2.5321171162488034	0.001680675754760776	0.910561447328
GSC2_0	2.321184027302314	-0.003433004310873162	0.910698490646
MGAP_0	1.9242792860618814	-0.004771407708816939	0.91097440976
FOXP1_0	3.1618170401676924	-0.0012029484796098038	0.912756011969
ARNT2_0	2.9143431571194403	0.0017854882425478742	0.915780698651
HEN1_0	2.4393326938302624	0.0033840810886862655	0.91674792948
ZN320_0	2.621176281775035	-0.002039446715361699	0.916820896439
DLX4_0	3.1107580088798876	0.000715674976032166	0.917038030622
ZEP2_0	2.577491799837225	-0.0024683372885118387	0.917990009559
SOX11_0	2.110589710299249	-0.002961800677189338	0.919073430381
MYNN_0	2.5289167002776547	-0.001881923386320308	0.920240284699
TFCP2_0	2.751663946260986	0.002140686876536598	0.921792035545
KLF3_0	3.7556462194566795	0.0008085274225417566	0.922281490508
ARX_0	2.555698894718901	0.0014926735721855783	0.924103960601
VEZF1_1	3.8085148052143656	0.0005441563959608115	0.924800855915
GATA4_0	3.010087846998524	0.0011760740125352654	0.928702898313
PAX8_0	2.468347330412157	0.0024961921309178976	0.929977114087
ZN257_0	2.7909884750888154	0.001450871720608914	0.930100557473
BRAC_1	2.7600453279658104	0.001321498547798854	0.930573495285
MNX1_0	3.2541854094620914	-0.000598650306115547	0.932028343939
PLAL1_0	2.622214022966295	0.0018218072788710338	0.935512198107
VSX2_0	2.380211241711606	-0.0017032092819707547	0.937688196478
RXRA_1	3.4546924492394764	-0.0005177652408101929	0.938529469729
NFIC_0	2.984302231979903	-0.0013841889160334225	0.939023282696
MTF1_0	1.8095597146352675	0.005045855879825175	0.940410745508
STAT1_0	2.6613393400060397	-0.001680093922219043	0.942592556294
USF2_0	2.371067862271736	0.0029996445179485704	0.947177637197
STAT6_0	2.9498777040368744	0.0009075861305134787	0.949445062562
NGN2_0	2.945960703577568	0.0010422723000252949	0.949584529089
MYOD1_0	3.2018066429570218	0.0008482178795110335	0.950207865531
FEV_0	2.5921767573958667	0.0019473800143479953	0.95184695783
PLAG1_0	3.1643528557844367	-0.0007009629003701928	0.952027821406
SUH_0	2.999130541287371	0.0008331036100183448	0.957202063996
NR1H4_1	2.980684974363314	-0.0007322521033901585	0.958355978915
FOXJ3_0	3.631595948357801	0.0002428918812098866	0.958870879959
SMCA1_0	3.070222633460958	0.0006052826892376951	0.960151698202
MEOX1_0	2.4248816366310666	0.0010046346896146491	0.96057602451
ZN563_1	3.095343731872525	0.0006771669227704242	0.962234459814
ELF5_0	3.3268476989159903	0.0004887904887143097	0.966739443188
UNC4_0	2.683047038238849	0.00040502128569332337	0.969042879186
HXB13_0	3.0770043267933502	0.0004237246475460466	0.969516084744
NR1I2_0	2.45484486000851	-0.0007853784797822016	0.970500950451
RORG_0	2.5717088318086874	0.0008717390165937384	0.971665127782
RXRG_0	2.181843587944772	0.0012754449147473219	0.971906334334
ZN652_0	2.4749443354653877	0.0006492009368781904	0.972330694878
KAISO_0	1.8920946026904801	0.002508925155381843	0.974640919332
E2F2_0	1.5740312677277186	-0.002367612504053816	0.975942445427
RUNX3_0	3.0396123818967236	0.0003618025548625132	0.977246067699
HNF4A_0	2.3607826898732798	0.0008655532971666453	0.97918595201
SMAD2_0	2.961658348637715	-0.0003520527839918613	0.980691587541
CEBPA_0	2.9542425094393248	-0.00022839952704806037	0.982175554614
STF1_0	3.121395680707223	0.00022687516900600675	0.98293129639
ARI5B_0	2.745074791582057	-0.0002509562352703953	0.985746797034
HXC9_0	3.079000252303849	-0.0001740137406430458	0.987813659684
MAF_1	3.028367883697061	-0.0002391762962829485	0.988389473962
NR1I3_1	3.4431847291501843	-0.00010209699644200647	0.989565769058
SOX10_1	3.41338359662314	-9.078173179624498e-05	0.990941245678
ZIC3_0	2.8790958795000723	0.00012896660214878515	0.994393445132
COT1_0	3.168202746842631	-6.365790186304947e-05	0.995773370676
SPIB_0	2.930694387664535	-6.113596776255274e-05	0.997100223533
MAF_0	2.8382192219076257	5.3266745736179136e-05	0.997245805848
MAFG_1	3.128076012668715	-4.921871340904209e-05	0.997365299595
NR0B1_0	2.9867717342662448	-3.8100085420820703e-05	0.998166613419
NR1H2_0	1.1613680022349748	0.0011885752626602814	1.0
