TF	Log10Events	MDS_difference	p-value
<<<<<<< HEAD
=======
	0	0	0
	0	0	0
	0	0	0
>>>>>>> ff222d89782f2fec243caa8b18c03b7823a7a1d7
CPEB1_0	3.865518519074774	0.01714634299405829	1.84859295915e-06
PURA_0	3.6028735310261824	-0.03460903069519592	5.37770944096e-06
HXA9_0	2.9425041061680806	0.07887987101267384	1.33127476376e-05
BRCA1_0	3.3169134391649915	0.04433680203216888	1.89920921458e-05
ZN260_0	2.952308009662125	0.0657095998329232	2.65200780949e-05
NFAC4_0	3.2244035577648384	0.03535951415703875	4.03371089097e-05
ZN148_0	3.8193464840804525	-0.025537439910199335	6.03875345968e-05
OZF_0	2.927370363039023	0.06626727459495178	6.5190545965e-05
MAZ_0	4.359987174441291	0.01233494248635477	0.000188192919242
VEZF1_0	4.348869273711533	0.011378697913765022	0.000232682667575
FOXF1_0	3.4026911642630386	0.02330184201348793	0.00025964681954
JUND_0	3.231469590430681	-0.06051759644061156	0.000270920048253
MEIS1_0	2.827046017004734	0.06679671698460803	0.000285835816221
FOSL1_0	3.3309208305952356	-0.05297704178667046	0.000318089796586
FLI1_0	3.8606074850406094	0.017098170206848957	0.000369156945804
MAFA_0	2.7592900330243038	-0.07320048639788776	0.000375270084785
ZN382_0	2.3550682063488506	-0.08916954755976549	0.000377945870181
MIXL1_0	2.728759475167874	0.05232708706072981	0.000513108706463
SP4_0	3.6929350025311374	-0.03066451766546647	0.000517684938984
NR2E1_0	2.2380461031287955	0.10646892627365825	0.000528876951166
HXA13_0	2.8585371975696385	0.04945912802435046	0.000553870408235
FOSL2_0	3.293914741031102	-0.052473364825172904	0.000599665328857
P73_1	3.1664301138432824	0.04190196800234459	0.000646544079587
ZN214_0	2.7913397039651393	0.06349638580345658	0.000662432885923
EVX1_0	2.747411807886423	0.07223548116683676	0.000823664944542
JUN_0	3.187097500583477	-0.05725252925880687	0.000923290250667
IRF3_0	4.2421561565153585	0.009653006762537102	0.00103418865319
ZN121_0	4.052212835769748	-0.008732841635515305	0.00123520047188
FOS_0	3.090081618038821	-0.061172884773135656	0.0012385144271
JUNB_0	3.334654766883241	-0.04709586207122813	0.00127788148213
EVX2_0	3.1156105116742996	0.03877821705933495	0.00130041640733
FOSB_0	3.214578953570499	-0.05316682515980071	0.00136087642218
SP2_0	3.977723605288847	-0.020262368561265794	0.00136784669037
ZNF8_0	2.870403905279027	0.06229587996824092	0.00137280745467
NFE2_0	2.6739419986340875	-0.09899889272533814	0.00171294387671
RAX2_0	3.027349607774756	0.029339457701283066	0.00184826506372
KLF16_0	3.829110710155294	-0.019907736702810798	0.00191921377298
ZN136_0	2.450249108319361	0.07480190839309186	0.00230334790741
DDIT3_0	2.904715545278681	0.036922751629673685	0.00289087449029
NR1D1_0	2.957128197676813	0.04706361320798264	0.00292491902595
HSF4_0	2.3682868849021306	-0.07637399655908013	0.00322091568794
ZN467_0	4.232945312745227	0.010317839136949815	0.00324376709119
LHX8_0	2.6154239528859433	0.043158867572814716	0.00391453950132
DBP_0	2.727541257028556	0.04434401445763991	0.00404089425995
TBX15_0	3.895753942073728	-0.015944595704733507	0.00418112745668
ZN816_1	2.708845638048179	0.054621256011282766	0.00447562392318
AIRE_0	2.852174904420303	0.04345773063666746	0.00488357813169
NFAC2_0	3.399327532158679	0.023632948705424185	0.00519027250973
MEIS2_0	2.637989780784685	0.054495914802775304	0.00522077586976
HXB13_0	3.0911391538257544	0.029355552178683395	0.00583048530246
CEBPG_0	2.503109436671369	0.06901242347476991	0.0059825954317
ZIC2_0	2.9397687754533495	-0.05172751555614933	0.0060555832515
ZN281_0	3.588439788305526	-0.02175276535988855	0.00617973155243
ZSCA4_0	2.1931245983544616	-0.10254001174348755	0.00620217194463
THA_0	3.537378282830205	0.013536771293753518	0.00621545487386
SP3_0	3.9793434704861377	-0.017119170331037388	0.00624946952967
P63_0	2.636487896353365	0.0881118868189472	0.00707963576763
PEBB_0	3.1817007044159613	0.029781022382273113	0.0085059634364
ZN250_0	2.5921767573958667	0.04591684405201404	0.00905986972193
ARI3A_0	3.6007006960652377	0.010794262234003427	0.00979973655306
RARA_0	3.5153438930883807	-0.01864207443918483	0.0100040831579
ZIC3_0	2.9030899869919433	-0.050073502209770394	0.0100147455756
PAX5_0	3.889497791223372	-0.009016612843455993	0.0100319377842
ESX1_0	2.9503648543761227	0.021549293135552677	0.0102883312942
ZBT18_0	2.966610986681934	0.038305015745353645	0.0108532515471
CEBPE_0	2.4623979978989556	0.05850664658827714	0.012110445863
ZN708_0	2.1746411926604483	-0.10197602153594067	0.0129018973803
ZN317_0	2.5092025223311025	0.057666638734955165	0.0136706908125
MAZ_1	3.6622855157221297	-0.02023216639837614	0.0140506683501
HXC10_0	3.8077717284580443	0.00824659034559743	0.014984405082
HXB3_0	2.9921114877869495	0.018722711294200587	0.0151622209833
ZN333_0	2.3273589343863303	0.0587892332882902	0.016298724266
E2F1_0	2.9802306913910313	-0.04416527984206348	0.0170261706895
TAL1_1	3.01932403715369	-0.03424661119563969	0.0182121908235
P73_0	2.7678976160180904	0.06047898540860624	0.0185807540766
Z324A_0	2.8555191556677997	-0.03348838594433697	0.0193183522043
ZFHX3_0	2.9945371042984976	0.021414549571912543	0.0197214784879
OLIG1_0	2.263636068588108	0.08023746187842597	0.0218041025877
VEZF1_1	3.8401688492407557	0.013182797654114002	0.0223284022914
ZN384_0	2.857332496431268	-0.03448675474197615	0.0236767789853
VDR_1	3.3780343224573315	-0.0189780248149247	0.0252305776751
HXB2_0	2.501059262217751	-0.047695732318188966	0.0260553756403
SOX13_0	3.526210003841664	0.015337843410889125	0.0261503436179
AP2A_0	3.024895960107485	0.03435883891449117	0.0271146385947
FOXJ2_0	3.8558219054060294	0.007953410800694234	0.0281448905354
E2F6_0	3.438225807604529	0.02286779488383172	0.0303591150596
IRX3_0	3.153662453575495	0.017031747193151814	0.0319806871118
LHX2_0	3.11277252110537	0.020405260564644652	0.0321997239865
ATF4_0	2.511883360978874	0.053732738598931844	0.0331092884168
CDX2_0	3.1309766916056168	0.024541059871721567	0.033370052533
ZN528_0	2.343408593803857	0.06721904063094712	0.034188940496
BHE22_0	2.5276299008713385	0.047189978165258814	0.0345900692336
KLF13_0	3.2806921642851172	-0.02784144302871778	0.0349815356228
FOXB1_0	2.597695185925512	0.026490321643891875	0.0364515277908
CR3L2_0	1.9242792860618814	-0.12645681044572693	0.0369376227891
FIGLA_0	2.8215135284047728	0.02679374862719592	0.0376688703937
NOTO_0	2.599337132992489	0.03896146890579021	0.0378616082204
SOX18_0	2.879955585122749	0.03357779867306001	0.0383744984739
ZNF18_0	2.6584883813090165	0.04007953689002002	0.0386612039137
SOX9_1	3.3396501576136837	0.018828695236240235	0.0392378026858
EGR1_0	3.530711837981656	-0.0192389959951779	0.0399573010926
STAT4_0	3.235275876687052	-0.0237207605682239	0.0401889283788
ERG_0	3.375755034755224	-0.023621269117166617	0.0405204922814
HXB4_0	3.350441856535061	0.016948661220301788	0.0424200937435
SNAI2_0	3.4682734645251	0.015365326345442736	0.0432112165919
DLX6_0	3.388988785124714	0.009357504720531967	0.0439732525136
SP4_1	3.62433367169012	-0.018394822456538958	0.0451441127029
MYF6_0	3.9194442104652363	-0.011230008856130104	0.0454785917849
FOXJ3_1	3.6415732531781746	0.008724558362088727	0.0458329342915
HXA11_0	3.2551518509889297	0.012285332094110393	0.0466802561007
SOX1_0	2.2095150145426303	-0.05798371654849149	0.0468079180811
ZN770_1	4.142639707832417	-0.005763600731025561	0.0471807558425
P53_0	2.4969296480732144	0.07848723763957392	0.0480048752899
ARNT2_0	2.9283958522567137	-0.033206897199855014	0.049055568028
NF2L1_0	3.9106777547427045	-0.01012395288941647	0.0515644088273
VSX2_0	2.4149733479708178	0.038649877615966194	0.0518094754503
NFAT5_0	3.7036352375838955	0.01145970927959044	0.0520842692931
PITX3_0	2.524396122103842	0.04782456823714696	0.0522013483036
RORG_0	2.5998830720736876	0.04308390482039729	0.0526364289614
ZN770_0	4.314562378177839	-0.004490021247410756	0.0530833560058
SOX15_0	4.070333455853063	0.007582790245726548	0.053983034102
NF2L2_0	2.5415792439465807	-0.07105187430115618	0.0541823017734
PBX1_0	2.9628426812012423	-0.029155031499829155	0.0549262066978
BARH2_0	2.785685668280901	0.022873819452762123	0.0555767740208
HAND1_1	4.023396514477751	0.009191684752837319	0.0559144916576
DLX2_0	2.9654368997762597	-0.017569658796712684	0.0559439635048
HXA10_0	2.8082109729242215	0.027642891085536136	0.0593408520303
BARH1_0	2.5575072019056577	0.022979504299570207	0.0599812788176
HSF1_0	2.6928469192772297	-0.03172909411794933	0.0607058193368
FOXG1_0	3.844042042041016	0.006397224948800426	0.0608763501858
PATZ1_0	4.119948360030921	-0.008605239177136688	0.0614180533918
ZN322_0	2.75815462196739	0.03085232833577551	0.061849794283
KLF15_0	3.997342690601622	-0.009733625866619945	0.0625574630303
ZN502_0	1.6946051989335686	-0.07373792432751078	0.063115656336
NFAC3_0	3.0698530211136243	0.0206465661307784	0.0648449431365
ELF2_0	2.7134905430939424	0.05376464528589397	0.0654583259062
SMAD1_0	3.008600171761917	0.02646454301646601	0.0655630036042
ISL1_0	2.866877814337499	0.031000983260160132	0.0657948312781
EGR2_1	3.5805258341293302	-0.015369495679073843	0.0662331494493
SHOX2_0	3.107549129744686	0.01123611166247598	0.0666186498195
NFIL3_0	2.6512780139981436	0.028668482912186717	0.066725003006
SMAD3_0	3.6056820612789826	-0.011494227625165464	0.0668864238915
FOXD1_0	2.7147487607250596	-0.03564263930239039	0.0680177162191
BATF3_0	2.6688516480825184	-0.0340209614377358	0.0682499124163
E2F4_0	3.1835545336188615	-0.02799841457923933	0.0684728365071
MEOX2_0	3.0398105541483504	0.01633231393168217	0.0695054849656
P53_1	2.7497363155690606	0.044973826648906805	0.0700688528879
E2F7_0	3.1737688231366494	-0.02653122433764147	0.0705184703836
ZN282_0	2.660865478003869	0.0327008328448131	0.0711135079847
HXC9_0	3.086537783753207	0.021680214721570952	0.0715502981116
THB_1	2.6532125137753435	-0.03383798047099549	0.0730636171621
SOX9_0	2.6674529528899535	0.0404097788102401	0.0740189349658
IRX2_0	2.7577754910119254	0.031597135252287765	0.0742040469623
STAT2_0	3.447080471831002	-0.012547095041169513	0.0747464652231
SALL4_0	3.667919685317361	0.012572770284785921	0.0761179778736
MXI1_0	2.713910354128955	-0.0424318904177746	0.0761352590787
MEOX1_0	2.4623979978989556	0.02873824472459394	0.0765739762769
NKX61_1	4.264380948570336	0.004397622058497682	0.0767409154047
THAP1_0	3.0795430074029055	-0.02994137254837554	0.0780635991256
HXD11_0	3.5448119117577757	0.009909460973186762	0.0808687667386
ZN335_1	4.20053587618703	0.005670843869432999	0.082005053649
SMCA5_0	2.305351369446624	-0.044581704166360044	0.0835795165532
ZN219_0	3.1940978855789517	-0.018346498206251484	0.0838367527458
TEF_0	2.745465168670727	-0.02341540250175944	0.0843848639314
NR2F6_0	2.731991449018929	0.03242177906535359	0.0844818188674
GLI3_0	2.5711262770843115	0.03744443331603343	0.0866239947784
SMAD2_0	2.985875357308393	-0.025060434522589846	0.086659514019
RHXF1_0	2.487138375477186	-0.03938422808330332	0.0876486888526
TBR1_0	2.3232521001716866	0.03617761632813086	0.0882395049594
DMBX1_0	3.0899051114393976	0.010676863216591084	0.0886255708986
ZKSC3_0	2.0530784434834195	0.05972750419322028	0.0888312274754
MYCN_0	2.5434471800817	-0.051926560311912125	0.088860772055
HXC12_0	2.9347508746635786	0.02000468924780803	0.0892250446574
RXRG_0	2.1383026981662816	-0.06392332671202643	0.0892759505166
E2F5_0	1.8543060418010802	0.12932672877591203	0.0896231069531
NR1D1_1	2.409087369447835	0.03165168196447452	0.0896519592008
FOXO6_0	2.630936119064191	0.021688457061198377	0.0898656716947
HXB7_0	2.776337909620175	-0.020488074331338292	0.0912983164478
ZN549_0	2.2013971243204513	-0.058169607856815304	0.091834296111
RORA_0	2.8065191340807045	0.02566978830390306	0.0926883361504
GSX2_0	2.9611837098124356	0.014818505592378326	0.0941238312937
MEIS3_0	2.80413943233535	0.0234741372265729	0.0950694338701
TBX19_0	1.7745169657285496	0.08521004594121422	0.0958770428131
NFYA_0	2.8318697742805017	-0.040722830381694615	0.0966000443978
E2F4_1	2.271841606536499	-0.06432636411376823	0.0966006173412
DLX3_0	2.6937269489236466	0.0264673549505047	0.0970368362235
THA_1	3.526533115590742	0.008854510845625288	0.101812909658
ZN134_1	2.255272505103306	-0.057824045118787144	0.104529488251
MZF1_0	3.2699796766453235	-0.015434036785947854	0.105332934583
PO6F2_0	2.715585551893196	0.026119484354077134	0.108616932683
ZFP82_0	3.3503449482490617	0.011622047775463919	0.110016803867
NRL_0	2.59659709562646	-0.046324901907999684	0.111661579299
NKX25_0	3.6440444928147486	0.011644384369681203	0.112076676199
FOXA1_0	3.012837224705172	0.01826332432710382	0.114461348172
NR2C1_0	2.7238659644435037	-0.032797204211506496	0.115159601861
ESR2_1	4.1400993248507945	-0.005546772226945906	0.115286584313
ZN257_0	2.8331471119127847	-0.024458397340815417	0.115973682324
TFDP1_0	2.849419413796899	-0.03274870888903634	0.116180988542
ZBT48_0	2.632963168167261	-0.032955780236792236	0.116968849594
FLI1_1	3.4076457970625555	-0.017378172411375133	0.1186412092
AP2C_0	3.150909873701121	0.020943744275682845	0.119230270775
PRRX2_0	4.000325598777142	0.0047958307969665276	0.123083731692
NR1I2_1	3.580753959929403	0.010554322555498437	0.123251478948
LBX2_0	2.596047007545439	0.031525233567226064	0.124837917968
IRF7_0	3.070776462843434	-0.021057027306991112	0.126650346436
STAT1_0	2.6641717053619307	-0.036408752874575186	0.126663508862
CR3L1_0	2.0881360887005513	0.08806710711903011	0.127167574937
ZN410_0	1.537819095073274	-0.11759395730674023	0.127168658255
TBX3_0	3.3931363002692168	0.011153393532277393	0.130249276266
PAX2_0	2.1846914308175984	-0.06247855498142652	0.133340414234
KAISO_0	1.9111576087399764	-0.11585129095383946	0.133671132522
CRX_0	2.5982431916536224	-0.03402958499292919	0.136456380232
AP2D_0	2.8833774897483386	-0.02723657274217612	0.136461027543
PO6F1_0	2.2392994791268923	-0.038970479692303626	0.136716678613
LMX1A_0	3.302547372487485	0.007891778596110469	0.137254248624
ETV4_0	3.3990677089490724	-0.016308074240896954	0.137806979014
ZN264_0	2.376576957056512	0.03191311825075553	0.139162566469
SOX7_0	1.8721562727482925	-0.04373724070705685	0.139340949989
ZN350_0	2.7678976160180904	0.024301821812741133	0.140162950895
ISX_0	3.1776807598487777	0.009096029984620262	0.14070627489
HXB6_0	2.4906606533561364	0.03193862328402453	0.1413607775
ZN563_1	3.0944711286416444	-0.021853013262419542	0.143351107663
EGR2_0	3.7676010680503356	-0.009352189379528954	0.151628027602
ZSC31_0	2.553276046137099	-0.03621494416302117	0.151733417104
RUNX1_0	3.07059193151204	0.017767630996339427	0.152427093134
ZN418_0	2.832828129539353	0.03226413571020225	0.153512411085
BACH1_0	2.726319612110775	-0.043128254316554766	0.155421304756
HLTF_0	3.066139492870699	-0.01928930149121392	0.155664317692
SCRT1_0	2.214843848047698	-0.04013400037526405	0.155967372869
BCL6B_0	2.1020905255118367	-0.042315197563539624	0.156184930559
MAF_1	3.0464951643347082	0.021774468831236453	0.156810571123
KLF14_0	2.878808932359205	-0.03239788919637155	0.15715006244
TYY1_0	2.473486970064568	-0.050503843669311994	0.158354603667
ZN547_0	2.0334237554869494	-0.06018573085826607	0.159982447317
HXC11_0	2.3617278360175926	0.04070878290995963	0.160387314425
WT1_1	3.5835388192543522	0.010408444238070212	0.168234523002
ZN708_1	2.795532442710154	-0.02616299046699968	0.170256480152
NFAC1_0	3.564961804462294	-0.007953575365838628	0.170686468715
NR5A2_0	3.2245330626060857	0.012989236152267096	0.171119470866
MXI1_1	2.5611013836490555	-0.03622750873093964	0.171173162696
FOXI1_0	2.6584883813090165	-0.04151311718123663	0.171475814812
SP1_1	3.470630963684906	-0.016756764557464006	0.172296226638
SP2_1	3.4680517914542373	-0.016007265084093177	0.173216027029
CTCFL_0	2.854609638095795	-0.03476545979524887	0.176534943881
COT1_1	3.2364112877439664	0.014612667890844692	0.177865772553
HXA1_0	2.9143431571194403	0.014284477674983337	0.179965089944
LHX6_0	3.0236639181977933	-0.019847926312009982	0.181588988478
DLX4_0	3.1594167882167388	0.008223711475761293	0.183762913726
ARX_0	2.57978359661681	0.01616014869128786	0.184101027986
SOX3_0	3.185825359612962	0.015588725298467727	0.185015773423
CEBPB_0	2.986995539724381	0.012821361802650387	0.186049456656
SPIC_0	3.865192838908103	0.006785280917330375	0.187041619264
PHX2B_0	2.7172543127625493	0.013851641570709464	0.187904482599
HXB1_0	2.515873843711679	0.024012198303121554	0.188130224398
RUNX3_0	3.061452479087193	0.016348861572692712	0.188884002598
ZN713_0	3.3660492098002353	0.0094595821673195	0.189849982808
HXC6_0	2.1271047983648073	0.04209051849026756	0.19004201755
ZN784_0	2.4448251995097476	0.02831261919445307	0.190814729383
ESR1_1	3.305781151254982	-0.012661853513156344	0.191571030847
RXRB_0	3.5848398652399247	0.006619795039645659	0.192281178455
BHE23_0	2.7172543127625493	0.021312597141856106	0.193637916661
CEBPD_0	2.9229848157088827	0.014062607315789566	0.194713254045
OLIG2_1	3.03402652377511	0.017179249395892097	0.195679219177
RFX5_1	2.827046017004734	-0.022340728965420588	0.195841284596
RARB_0	3.7794160989470673	-0.0059733936236923075	0.198988719076
LHX4_0	3.242913946818925	0.008880794850463065	0.2009079054
TFCP2_0	2.7792356316758635	0.027348561979101314	0.201622103027
SOX21_0	2.4586378490256493	-0.026649448145912254	0.204030799195
FOXQ1_0	2.7497363155690606	0.018415364129175014	0.20590349052
RXRA_0	3.3689373742445228	0.012041744800189526	0.207274626104
PDX1_0	2.7201593034059566	0.019020349383518105	0.208162151592
REST_0	2.1903316981702914	-0.044123225880190305	0.208633826739
GATA4_0	3.0281644194244697	-0.015460536074704552	0.209403534142
NGN2_0	2.9628426812012423	0.019128487646218252	0.210813597574
ZN140_0	2.4256972133625907	0.025830675001242052	0.212425629236
EGR4_0	3.374014740291911	-0.015228019752029594	0.212937036768
EGR3_0	2.6532125137753435	-0.030583035433176843	0.213816600911
XBP1_0	2.0791812460476247	-0.062239290187367215	0.215088362675
TBX2_0	3.161218219691016	0.008885049714605762	0.216540778894
FOXD2_0	2.9921114877869495	0.010229121077155727	0.218632539785
PO3F4_0	2.891258616904139	0.012444335382598301	0.223716999116
GSX1_0	2.9250541203118425	0.012791200426103704	0.223719596014
HAND1_0	2.852479993636856	0.020052333238645602	0.22448105417
DUXA_0	2.5865873046717547	-0.018646980335781924	0.225363651698
PBX3_0	2.748575616930992	-0.027157067473836956	0.226589727775
LEF1_0	3.413132050434872	-0.009277011265720343	0.227098961206
HXD13_0	2.883661435153617	-0.010959772863087164	0.228251692925
RARG_1	3.9565525919173985	-0.005027910307378738	0.228511304637
COT2_0	2.9425041061680806	0.01650927115142769	0.23300446106
ANDR_1	2.6646419755561253	-0.024054758367584465	0.23831568758
ZN335_0	2.5397032389478253	-0.03410368310439169	0.23858981126
ETV6_0	3.63103769653674	-0.009444567234183139	0.23907738569
ERR3_0	2.699404081815337	-0.020403764960987787	0.241947092311
PBX3_1	2.8247764624755454	0.025743844482890237	0.24271609994
ASCL2_0	3.3553557233947062	-0.011806459097976264	0.243860651321
HNF1A_0	2.611723308007342	0.024437816847174283	0.247320907482
HXC8_0	2.537819095073274	-0.021593198919643633	0.250842169452
HXD9_0	3.3188977146274867	0.00840768075667258	0.251069408334
GBX2_0	2.9654368997762597	0.010332025267243444	0.251547449043
NR0B1_0	3.035229556350212	-0.01795362257293002	0.254698468928
SMAD4_0	2.8926510338773	-0.020146566410994833	0.257185296936
ZBT7B_0	2.524396122103842	0.03648993757411861	0.257420181758
ZNF85_0	2.5877109650189114	0.022044908676284843	0.258463291534
SNAI1_0	3.3626709297256667	-0.011474271800929116	0.258630736887
FEV_0	2.6893088591236203	-0.029598201229050887	0.260631467968
ZIC4_0	2.1598678470925665	0.040295049237099	0.262104860908
ZFX_1	3.4074758852912552	-0.011121439686919733	0.263586021219
RFX4_0	2.3783979009481375	-0.04134044667982804	0.263793503444
TF7L1_0	2.866877814337499	-0.018149645305119942	0.266110555959
RFX1_0	2.6036855496146996	0.032813123464143355	0.270172266543
SOX10_0	2.7547304690237535	-0.02194295987735701	0.27025494583
TAF1_0	3.414388326931075	-0.01119135992795784	0.271118084137
DLX5_0	2.6063813651106047	-0.015088610284535453	0.271658064444
ZSC22_0	3.2195845262142546	0.012890442559228242	0.271953599323
ELF1_0	2.7649229846498886	0.029335476718525537	0.273498404554
PO2F1_0	2.822494985278751	-0.01302125519330833	0.273686614314
ZN232_0	1.6384892569546372	0.024989587739185144	0.274272367673
SRY_0	3.799891684656865	-0.004045099090560279	0.275268013963
OVOL1_0	2.746244871720198	-0.017150117151708714	0.277985696398
ETV7_0	4.322198613551891	-0.003721031212311745	0.279102329908
Z354A_0	3.216297886630392	0.007440708169503054	0.279730045649
RUNX2_0	3.061452479087193	0.012117615194468932	0.285400866948
ZNF76_0	2.738384123512156	0.029130485646484676	0.286093798829
ATF1_0	2.3918169236132485	-0.04233206983570243	0.287401347274
HMBX1_0	2.263636068588108	0.03150068475529907	0.287568492509
GATA2_1	3.0601309995310446	-0.0128548855903221	0.288356388314
MYNN_0	2.559906625036112	-0.018628716603968982	0.288425968954
ERR2_0	3.0413926851582245	-0.01164666795896737	0.290100809024
ZN350_1	2.3953263930693507	0.03427345632537931	0.291095431154
ZN329_0	2.2576785748691846	0.02477298947197129	0.29150147597
HXA5_0	2.6536947953150816	-0.017699740026348942	0.297748928126
E2F3_0	2.6374897295125104	-0.02744968643224622	0.29920189369
CXXC1_0	3.168202746842631	0.013078172125945718	0.299209306173
FUBP1_0	3.6748152298035857	0.004957000659241067	0.300997198538
PO3F1_0	2.81756536955978	-0.016178444757272863	0.301390422709
MAFG_0	1.9934362304976114	-0.0542456076576022	0.302086700087
CUX1_0	1.9542425094393248	-0.04098754983450325	0.304626015903
NFIA_1	3.648262405748044	0.006932163547467444	0.305580390259
NFYB_0	2.881669907672061	-0.02452327325688137	0.307777293904
FOXO4_0	3.2367890994092923	0.008399944867942141	0.308752584545
STAT1_1	3.7987196851850062	-0.0043363437008964315	0.310576028636
FOXC2_0	2.674401812845282	0.020191294114548487	0.311326983253
NKX31_0	2.8951461893759918	-0.01347658746038282	0.311558260469
COE1_0	2.9712758487381046	-0.016998940607237868	0.312360108956
HMX1_0	2.7291647896927698	0.011190951947516504	0.315575056108
KLF5_0	3.537441283407947	0.009789126339976688	0.316040318861
NFIB_0	3.399154333958216	-0.010410836303710765	0.316581664251
ELK3_0	2.8603380065709936	0.021504479270687986	0.320257133603
NKX21_0	2.8466463285771173	-0.016978059515154263	0.322152026309
COT2_1	3.017450729510536	-0.015729719355886358	0.322190706866
ANDR_2	3.4396484295634733	0.007902910963316516	0.322222800821
NFYC_0	2.827369273053825	-0.02492650718492901	0.323611290008
BHE41_0	2.537819095073274	0.024016725225679957	0.324703421934
IRF5_0	2.3364597338485296	-0.024824421806589732	0.325673419658
PROP1_0	2.8263987821876175	0.0106476037954428	0.325680713471
GATA1_1	3.0232524596337114	-0.012942095047373335	0.326616960599
NR1I3_0	2.461648568063455	-0.022018911819459593	0.327379378597
TFEB_0	2.598790506763115	-0.029551128234812908	0.330911086569
SOX2_0	3.3394514413064402	-0.008741578326979284	0.333167600267
SIX2_0	2.739967696759509	0.02150935685241908	0.333189096863
RFX5_0	2.4256972133625907	-0.0292818468086753	0.33662782434
PRGR_0	2.617524534886292	0.021335316202149214	0.338035645587
BSH_0	2.764549719064467	-0.013391812252772313	0.338118326961
PO4F1_0	2.7002709373564366	0.012115139830276983	0.338262916874
MEF2D_0	2.9680157139936414	0.011815952352487731	0.345593391045
ZBT14_0	2.875928984922927	0.021298321387627543	0.346280746211
PATZ1_1	3.812445402872756	-0.005652844887553612	0.348903186506
TFE2_0	3.2575585874442177	0.010127798159031122	0.349830716875
HEN1_0	2.446381812222442	-0.027806146757683982	0.350665323205
MYBA_0	2.446381812222442	-0.025356527217647716	0.35091297576
FOXO3_0	3.0687422929329813	0.010634795646909632	0.352595805971
FEZF1_0	3.018076063645795	0.011072658459724306	0.353155988431
NR2C2_0	2.7291647896927698	0.01918527032464578	0.354271037844
RARA_1	3.038620161949703	0.012103864894713427	0.354780218788
OLIG3_0	2.461648568063455	0.012301259938645951	0.355812516875
TLX1_0	2.7435097647284294	-0.018465710385667904	0.356603099325
SOX11_0	2.0791812460476247	-0.030429968904361705	0.358812238998
HXD3_0	2.588271706842329	0.017377383190597277	0.359091643395
MYB_0	2.7562556487542333	0.016548793723667528	0.364344803883
PO3F3_0	3.5299434016586693	0.003789070232620934	0.368609269271
ETV1_0	2.644438589467838	-0.02793874853297685	0.369046417588
GABPA_0	2.5477747053878224	0.03186669886649673	0.370689825127
ATF2_0	2.725503268859315	-0.020109974663907383	0.371367952527
ATF2_2	2.2317243833285163	-0.04353626405400047	0.371437879757
PO2F2_0	2.9834007381805376	0.010294558942226605	0.372854965775
CDC5L_0	2.5152113043278015	-0.011687165866740089	0.373111014212
ARI5B_0	2.7547304690237535	-0.013639030768098685	0.378757915091
PO4F3_0	2.5888317255942073	0.011936769502300916	0.381026645436
ANDR_0	3.352471951298951	0.005989557286351504	0.38201572771
HSFY1_0	1.6180480967120925	-0.057660165608242615	0.383685027981
MCR_0	2.5676144427308443	-0.017198186255029814	0.386457401143
ZN740_0	3.001949941084268	-0.010081495665884406	0.390064672829
NR1H3_1	3.132259689531044	-0.010098838046915061	0.390161569945
SOX10_1	3.432167269442588	-0.006820127784688026	0.392295160639
HTF4_0	3.389520465846377	0.008135575083377193	0.39231196199
PRRX1_0	3.7339191510123904	0.004521773247306605	0.393889576711
PROX1_0	3.205745540942662	0.010238886793735934	0.394994122257
ITF2_0	3.3217019695007375	0.009176650175635646	0.395448605499
LMX1B_0	3.266584447066863	0.004529137349978707	0.396293934549
GLIS2_0	1.8129133566428552	-0.043145672382839874	0.397485249977
PO3F2_0	2.6959192528313998	0.011720706770576371	0.39846863181
BACH2_0	2.710117365111816	-0.025556674557383148	0.40003032317
MYOD1_0	3.2180100429843628	0.011117666426367738	0.400100713291
FOXF2_0	3.107209969647868	0.008865919468200346	0.404931201817
NR1I2_0	2.5575072019056577	-0.016570894518971542	0.405374026347
ETV2_0	3.0856472882968564	-0.013228206738607341	0.406214355993
P63_1	3.1994809148623555	0.009973154866251437	0.408175294001
KLF4_0	3.347427598618541	0.01123513314199353	0.409843247815
KLF8_0	3.2870175013221012	0.009537395636479089	0.409945050843
ZIM3_0	2.782114147479071	0.012590513345251693	0.41083678513
ZEP1_0	2.7151673578484576	-0.015377565842236297	0.411049590277
DMRT1_0	2.435366506612661	0.020425866007200748	0.412988630671
DUX4_0	2.4969296480732144	-0.01390657996471266	0.416071239145
NFKB2_0	2.726727209026572	0.015805781899287046	0.416078358001
HME1_0	2.841672250073634	0.008275946210222138	0.416741883
ZN418_1	3.1157768761589626	0.008667428434733358	0.418688869034
GCR_0	2.6185710281201295	-0.01900170963635383	0.42102156405
ZN143_0	2.644438589467838	0.024969007372854617	0.421741504185
ETS2_0	3.765631306636695	0.004460781139953482	0.422656237602
FOXO1_0	3.2291697025391004	0.008441707190871	0.422775128674
RX_0	3.15503222879097	0.005913225695547578	0.423210561442
ZN490_0	2.1832698436828046	0.023308592002306033	0.424638069809
PDX1_1	3.096214585346405	0.006450164286135019	0.426382416473
ONEC3_0	3.120902817614527	0.007324712055000674	0.428209148005
EOMES_0	2.900093901543398	-0.010254238202315212	0.428595602835
ALX1_0	2.7291647896927698	-0.009076015895676803	0.428620516337
PTF1A_0	3.1264561134318036	-0.011655575183655821	0.42904544237
HEY2_0	2.603144372620182	-0.018137482861378514	0.430929832798
MYOG_0	3.2161659022859928	-0.009889834811722127	0.431064556232
SMCA1_0	3.1097472377132283	0.009141714992089649	0.435090083747
PLAL1_0	2.6196150057428063	-0.017291519957429925	0.435469234623
E2F8_0	2.748962861256161	-0.012521980706334236	0.436407936214
WT1_0	4.035069344421104	-0.0039290419960560175	0.439573560696
TGIF2_0	2.614369839548288	0.012104301643202413	0.440231166588
MLXPL_0	2.014940349792936	-0.03304883490995541	0.443300330953
TBX5_0	3.441302286693167	-0.004979078422754261	0.443860820316
ZN394_1	2.9362623419034772	-0.009886457756779175	0.445126732684
BPTF_0	3.7355589810914225	-0.0034289887859438118	0.447448929019
FOXL1_0	3.621228227768985	0.0034651921001404287	0.450972882711
NFIC_0	3.0246908623554307	0.012289617922995065	0.45514976834
GLIS3_0	2.305351369446624	0.018797616092257517	0.457069445917
PRGR_1	3.2165617350479265	0.006984796648994893	0.45761581358
STF1_0	3.1275906770079573	0.007561232977921792	0.458009395367
HXD8_0	3.0356298277904386	-0.008431748187659384	0.458670402206
NR1I3_1	3.473340964185935	0.005323469420991856	0.462407935081
CLOCK_0	2.7311857076340003	0.014868830799934778	0.463213416062
MEIS1_1	2.9138138523837163	0.012760471254081356	0.463404072571
ZN554_1	3.0599418880619544	-0.011446167933584446	0.467492335968
SOX8_0	2.388278863459639	0.016643412339913642	0.475387853574
SP1_0	3.6347291080813307	-0.007106395297784903	0.477342501818
NR1H3_0	2.5763413502057926	-0.015328838398866625	0.479415994184
ONEC2_0	2.771587480881255	0.011724333886389028	0.48310255502
FOXH1_0	2.639486489268586	-0.012364440265172534	0.483902800946
TBX1_0	3.3948892571674185	-0.007051967747120921	0.485969086475
ZN394_0	3.7861122837198264	0.0027123277487195096	0.486213312638
COT1_0	3.1925674533365456	0.008104156371448755	0.486592042243
GCM2_0	1.9268567089496922	0.03286930492122791	0.489866355504
FOXK1_0	3.2038484637462346	0.005789904411486315	0.490605496933
IRF2_0	3.206015876763344	-0.006327719398937678	0.495019048327
HINFP_0	1.1303337684950059	-0.09485713530521232	0.495407806565
SIX1_0	2.792041310712082	-0.013874290965259002	0.4977015939
HES7_0	2.2922560713564755	-0.01222455954763656	0.499234430006
HNF6_0	3.103803720955957	0.006723185606687296	0.499891580131
STA5A_0	3.222716471147583	-0.007956268271926893	0.509357506554
GFI1B_0	2.8825245379548803	0.009344203020839971	0.512227532945
PBX1_1	2.5676144427308443	-0.008332356216209418	0.514472813932
HIC1_0	2.8202014594856397	-0.012291690009329038	0.514749447077
NKX32_0	2.6901960800285134	-0.00982084806304273	0.514930043843
ZN263_1	3.62433367169012	-0.00518657190645578	0.517359188987
NR4A3_0	2.6273658565927325	0.011512664065212834	0.51962791284
JDP2_0	1.9637878273455551	0.04083062464725353	0.520610805074
PBX2_0	2.7906369619317033	0.008881619610481797	0.52174219917
ETV5_0	3.615739688619154	-0.004851433626209553	0.523079759601
PRDM6_0	4.019220176222452	0.0019414476868187043	0.523131584411
TCF7_0	2.6937269489236466	-0.011490872818253388	0.524276958248
UNC4_0	2.706290957258763	0.006968585866389486	0.524534640071
ELF5_0	3.3340514403468915	0.0072833676955803206	0.524791855256
MEF2C_0	3.0470800728162564	0.006805007947154418	0.526622189101
SPDEF_0	2.6216954623292787	-0.013511811203265701	0.527455215684
PAX4_0	2.8671727511786496	0.006757561921571938	0.528313016373
ZN652_0	2.4857214264815797	-0.012465881980224053	0.529361838054
HES5_0	2.3719909114649145	-0.009490016318601472	0.529777713896
PKNX1_0	2.694166295933198	-0.013400379143731746	0.531691866932
INSM1_0	2.3783979009481375	-0.02046510576612396	0.533995814126
HNF1B_1	2.579211780231499	-0.010766748811401765	0.534940749664
NR2E3_0	2.7079957464229287	-0.011120239971364292	0.537229960878
GCM1_0	2.3344537511509307	-0.016784744732821745	0.537997726264
HXD12_0	3.3217019695007375	0.0038324857764279316	0.542635459601
NR1H4_0	2.590507462008583	0.015066843228491882	0.543064557293
CREB3_0	1.7403626894942439	-0.04711966589526035	0.544502271689
MGAP_0	1.9084850188786497	-0.02181555667451563	0.54642004966
ZN554_0	2.8597385661971466	-0.010911747035708637	0.546591023421
GCR_1	3.194514341882467	-0.006151247051940167	0.546697224563
ESR1_0	2.4955443375464483	0.014639107445747403	0.548320842347
GSC2_0	2.380211241711606	-0.01795311262809273	0.549363303432
ZN341_1	2.8068580295188172	0.012773708363862234	0.551178678824
ZN680_0	2.153814864344529	0.02369772532711311	0.55175407017
GBX1_0	3.251151343175354	0.003606152903584874	0.552225588254
KAISO_1	1.8573324964312683	-0.04845927640735343	0.553450540265
TEAD3_0	2.9903388547876015	-0.006898742023852524	0.555308495829
ATF2_1	2.1383026981662816	0.020104804899639638	0.555515715083
MAFB_0	2.8410464654093035	-0.013750614989524852	0.555528837401
CTCF_0	2.8302678009336413	0.015611173133631577	0.556115175422
HSF2_0	2.5722906061514172	-0.009621537569614584	0.559565229747
KLF12_0	3.4540822707310896	-0.007439421258736542	0.559808964567
SRBP2_0	3.2409234787942545	0.006652673598146828	0.55984978756
BHE40_0	2.644438589467838	-0.010893428994149336	0.560680742191
MEF2B_0	3.0606978403536114	0.00632951846654784	0.562980057854
PO5F1_1	3.258278015243031	0.005306346025345333	0.563261705931
SOX4_0	3.2035767749779724	-0.0063132724150150666	0.564017986485
VSX1_0	2.9375178920173464	-0.005190151241866622	0.56446845766
MAFK_0	2.265996370495079	-0.025498763791668412	0.56613068966
NR1H4_1	2.9735896234272565	0.008245985596573448	0.567003066163
SCRT2_0	2.6148972160331345	0.015836771160069617	0.567708385531
HMX2_0	2.929163383205064	-0.006515879473665228	0.568465548885
PPARG_0	2.7566361082458477	-0.01122838692764281	0.571873609947
HXC13_0	2.4913616938342726	0.009418371179615921	0.57294763538
BATF_0	2.605843539058089	-0.01429718254376703	0.575847912305
NOBOX_0	2.6697816152085365	0.008533311307031353	0.576503181899
TWST1_1	2.7339992865383866	0.011908350981550568	0.580798171016
EHF_0	2.9834007381805376	0.010627570688898073	0.581144527552
NR4A1_0	2.9609461957338308	-0.008010604457624394	0.58475833248
ZFP42_0	2.6148972160331345	0.015685508325666613	0.58587152139
GLIS1_0	2.0293837776852093	-0.011177952169507444	0.589382435466
DRGX_0	2.407390904470731	0.00947285615164481	0.590087656032
TEAD4_0	2.9790929006383258	-0.008312770209775451	0.590911278749
HNF4G_0	2.638489256954637	-0.01207956832138183	0.591251490107
EVI1_0	2.4510184521554574	0.008555724637498374	0.591401468328
NKX22_0	3.976693793098472	-0.0026819787865302114	0.592528749469
ZFX_0	3.2141813086638202	0.007082846191752193	0.592537939523
ZBTB4_0	1.8662873390841945	0.027464984448414297	0.592934383405
ZN320_0	2.6190933306267423	-0.011291212923500459	0.594606204725
PITX1_0	2.7996850909091004	-0.008729803706164337	0.59460666591
OTX2_0	2.5165353738957994	-0.013139456253594507	0.596427476067
PO4F2_0	2.6247975789607607	-0.008823141758978872	0.602114456813
ZBTB4_1	2.131939295210424	0.01514373547152053	0.608093213564
MAF_0	2.8466463285771173	0.0074700664785111925	0.608193126338
CREB1_0	2.3453737305590883	-0.02134503289103671	0.608595299276
MYOD1_1	3.0612639423002497	-0.00767652615771012	0.610066450775
MSX2_0	3.5570859365260845	0.002741238082197609	0.610559049095
ZSC16_0	2.0293837776852093	0.01848359559610304	0.61078770819
ELK4_0	2.3793055177505815	0.022233162645483744	0.613218413671
IKZF1_0	4.098539897992861	-0.001541990761984615	0.614600796435
RELB_0	2.786751422145561	0.008269721498115064	0.615856206745
MLX_0	2.3106933123433606	-0.02055861044698596	0.61725270238
ELK1_0	2.404833716619938	0.020863883456683822	0.617591970881
ASCL1_0	3.260190683269962	0.005786172211691968	0.619243361279
BMAL1_0	2.76417613239033	0.010738136663299085	0.620031064933
NFIA_0	2.57287160220048	0.013057497810161155	0.620680081543
ZN816_0	2.639486489268586	0.010050956821811834	0.621148383087
ZBTB6_0	2.813247300897605	-0.00932428219009749	0.621321247625
RFX3_0	2.437750562820388	-0.016161525359602365	0.624755852419
BRAC_1	2.827692288674445	0.0065136340496426475	0.625932812426
NRF1_0	2.4899584794248346	-0.019556223694776893	0.627113966212
BRAC_0	2.7126497016272113	0.008398396786026031	0.628617367393
TBP_0	2.782472624166286	0.0066054224814533135	0.631363782214
GRHL1_0	2.6674529528899535	0.010386723718226028	0.632160571965
LYL1_0	3.1679078100014797	0.005795572202333891	0.633716275172
NANOG_1	2.8185557792978027	0.007298557838852921	0.637727243133
ZN341_0	3.9309744873078487	-0.002374569597545042	0.640865207854
TGIF1_0	3.5719998163970628	-0.0033556623123931284	0.641166595639
ERR1_0	2.984302231979903	-0.005501879660057337	0.641502492687
MECP2_0	4.002684312989729	0.002610043659549386	0.641745793358
BARX2_0	3.0265332645232963	-0.004152726194350497	0.641757945776
GSC_0	2.4337698339248655	-0.012136642326786608	0.654367013306
PHX2A_0	2.4586378490256493	0.006986947578196407	0.656002809243
ZN589_0	2.487138375477186	-0.011285510896997981	0.656063246759
KLF1_0	3.5891114644005957	0.004548331086252569	0.656943805132
MITF_0	2.6517624473801105	0.013268676940261452	0.657340280646
CREB5_0	1.8750612633916997	-0.026320524856837176	0.657517154514
HMGA1_0	4.126033948051813	0.0012362875371852635	0.660423616524
ISL2_0	2.7927417858347483	0.0063595710003264755	0.661219933361
VAX1_0	2.446381812222442	-0.006460848493432547	0.665305695134
NFIC_1	3.184833333933353	-0.005494931716806852	0.666807896959
FOXP2_0	3.198106998873401	0.004841310466201502	0.666989456981
HXA7_0	2.2081725266671213	0.011260889422509246	0.668087932927
PITX2_0	4.006594386184137	-0.0012339101530825034	0.669095048027
HOMEZ_0	2.171726453653231	-0.008502804922219512	0.669587728371
ZKSC1_0	2.81756536955978	0.005751159287893124	0.670033451383
PPARG_1	3.053462604925455	-0.00552880478148795	0.670574277811
ZN274_0	2.234264124378789	0.014007675594482301	0.672142723367
GATA5_0	2.8055008581584	0.005186973138160667	0.675257832036
SPI1_0	3.0883133155880964	0.005351344845128301	0.676088097115
MESP1_0	3.4974825373673695	-0.0031076591651120833	0.676793387049
ZN436_0	2.657533887557986	-0.00786159410128897	0.680765216878
MAFK_1	2.511214701136388	0.014593092270372192	0.680863115879
RARG_2	2.7520484478194382	-0.007996162528016916	0.685142227528
USF2_0	2.400537989391946	-0.017357827813998535	0.685992776356
MEF2A_0	3.030802048772267	0.0043990199162155024	0.68699793691
TF7L2_0	2.669316880566112	0.008686626473277038	0.688457959538
OLIG2_0	3.0490240979150487	-0.00547781838193006	0.689233716031
NKX28_0	2.7916906490201177	0.006151037751237923	0.694295113626
MAFF_0	2.4920616045125987	0.011868208041536786	0.694299844303
BARX1_0	2.969415912353981	0.004382145551027706	0.694662893135
ATF7_0	1.8633228601204557	-0.02379976279966909	0.695295935715
ETV3_0	2.5217916496391233	0.00900623660523061	0.696495704175
DLX1_0	3.0911391538257544	0.0033952680000426663	0.697344510401
MYC_0	2.5593080109070123	-0.010716379938695182	0.70160561135
KLF9_0	3.218404199249721	-0.006308064424074286	0.70641210992
ZF64A_0	3.0141003215196203	-0.005984485388873092	0.712132059093
ZFP28_0	3.282848602834645	-0.0025672686832846287	0.712943885514
OTX1_0	3.4736329268738406	0.0023816736254995063	0.713095182677
BCL6_0	2.755493728415119	-0.00639247136476983	0.713884860575
MNX1_0	3.277494609611012	0.0025288712438451258	0.714909910288
E2F2_0	1.6812412373755872	0.026209298261221252	0.716953436812
KLF6_0	3.872068822102247	-0.002409011779764305	0.71815274334
GFI1_0	2.8856438718357635	-0.004744989982315422	0.719117123541
BHA15_0	3.1453518165584606	-0.004812033037221338	0.720008551875
ZNF85_1	2.4807253789884878	0.00869253096053	0.720446588063
SHOX_0	3.206421065237988	0.0020683588151634595	0.720716422361
RARA_2	2.553883026643874	0.009744204522016207	0.721688297629
NDF2_0	3.185258765296585	-0.004070139359326896	0.722275915925
PRD14_0	2.2695129442179165	0.009270879537088238	0.726227384878
TEAD2_0	2.857935264719429	-0.006100522938773356	0.728071345695
HXD10_0	3.0236639181977933	-0.005046058150102805	0.728932632255
LHX9_0	3.122379732069112	-0.002347012568846324	0.731720694864
GATA6_0	2.9967305154351527	0.005578169702613148	0.734513562825
LHX3_0	2.9663764230889225	-0.0029843859335254375	0.734704854323
THB_0	3.3537239375889487	0.002134214604134237	0.736331186987
VDR_0	2.672097857935717	-0.008902403713442537	0.737002869791
PAX1_0	1.5854607295085006	0.014928218230141219	0.738662835016
GATA1_0	2.8463371121298047	-0.00679080299569896	0.740574816876
RFX2_1	2.614369839548288	-0.007784902247615613	0.741231165035
OSR2_0	3.3889001083542363	-0.003675206613737694	0.74164240072
NR6A1_0	2.4593924877592306	0.00752779628581749	0.743938659652
REL_0	2.7134905430939424	0.006530152183287361	0.746561828785
PPARA_1	3.0958664534785423	-0.003984481602061087	0.74733428716
NANOG_0	2.7355988996981795	0.0049893998402106765	0.748865600984
ZN768_0	3.093946723890583	0.0032046106411490116	0.749492510705
MYBB_0	2.927370363039023	-0.004557121237095099	0.751786875235
E4F1_0	1.7442929831226759	0.028461283564054023	0.755297068634
PPARD_0	2.5722906061514172	0.008565688587700425	0.75974494613
ZN586_0	1.8692317197309762	0.011967691914351743	0.760747873548
GATA3_0	3.2382970678753935	-0.0022451514919980065	0.761061444568
HME2_0	2.5017437296279943	0.005027228540374073	0.761580896011
NKX61_0	2.907948521612272	0.003154736218039237	0.762344406486
ZN667_0	2.511883360978874	-0.007359228055923852	0.765097680462
ZIC1_0	3.1765253365349997	0.0031170677822540604	0.766794580019
EPAS1_0	1.9469432706978251	0.014374223223899023	0.767467472417
PRDM4_0	1.7958800173440752	-0.015294089991393	0.772508625368
ALX3_0	2.720985744153739	-0.002727106750187288	0.775768755457
HNF4A_0	2.4191293077419753	-0.008219081112155503	0.776680600782
VENTX_0	2.700703717145019	0.0040665049952478055	0.777609589799
ZN331_0	2.376576957056512	-0.009141932428992507	0.778270915471
ZEB1_0	3.4613484336479825	0.002276292526383817	0.783599186995
PO2F3_0	2.6807886115066824	-0.004150784262199164	0.790939845077
ZBT7A_0	3.414053675030946	-0.002115766394083154	0.791208918039
STA5B_0	3.0883133155880964	0.003152824542101507	0.792638757541
PO5F1_0	2.591621038213319	0.004969573678055553	0.792817900232
HIF1A_0	2.4983105537896004	-0.007790035738112746	0.796054290957
EMX1_0	2.8567288903828825	-0.002505381333607109	0.799485192946
PPARA_0	2.6646419755561253	-0.006058820370817294	0.799667058813
PAX6_0	2.5237464668115646	-0.005975635279133981	0.802161932614
AP2B_0	3.1915907263792103	-0.0035000664996003095	0.809418642116
BATF_1	2.750893920382125	0.005345247304708998	0.811816985988
CEBPA_0	2.980003371583746	0.002388544895484449	0.812122888692
ATF6A_0	2.0433622780211294	-0.01284682909765842	0.812570657342
SRBP1_0	2.9840770339028304	-0.003391467435363429	0.814131213086
ID4_0	3.4162243170985684	0.0014498994928820515	0.814802935761
TAL1_0	2.6879746200345553	-0.006275485864700733	0.815618562818
USF1_0	2.387389826338729	0.009930495097172191	0.817426739502
PLAG1_0	3.2037126406077063	0.0025259174736735673	0.817975847648
HBP1_0	2.9319661147281724	-0.0031654665552571315	0.818076428132
ZN524_0	2.252853030979893	-0.007881610829687836	0.818613196338
ATOH1_0	3.3310221710418286	0.0022295945846933706	0.822981263781
PIT1_0	3.083144143143052	-0.0018557382158359218	0.8252055634
P5F1B_0	2.7993405494535817	-0.0029705731826551183	0.829145627449
ZN582_0	1.9800033715837462	0.007630525009550796	0.829207913419
MAFF_1	2.9087530191845334	-0.004758309040125371	0.829826070697
RFX1_1	2.723044991643445	-0.0043883087995815135	0.830477780204
STAT3_0	2.9797759327296856	-0.003650183010931265	0.83157396154
MSX1_0	2.639486489268586	-0.002898975540448775	0.831899445477
NFKB1_0	3.6596310116070003	0.001252606494876011	0.833613450926
GLI1_0	2.669316880566112	0.003822474558608075	0.840167672349
NKX23_0	2.747411807886423	0.0035196252335806316	0.844628644414
HXD4_0	3.3363596544652303	-0.0013258990995575072	0.84837853287
ESR2_0	2.594944736695083	-0.0044031771186959995	0.850330519612
NR4A2_0	2.7828308052025914	-0.00345469700664982	0.85044897638
MAX_0	2.4727564493172123	-0.005230836014666209	0.853433880733
ARNT_0	2.1398790864012365	-0.00735092925479055	0.854410407459
RARG_0	2.7201593034059566	-0.0035560413247435413	0.854720261261
SRF_0	2.5237464668115646	0.004677801359028184	0.85542526171
KAISO_2	2.6897526961391565	0.004501001132414076	0.855453777607
HXB8_0	2.7197454925295763	-0.0021520859016896316	0.855600591109
SPZ1_0	2.297760511099134	-0.005532486376904852	0.860701902146
GATA2_0	2.83916368291465	-0.0033566834498290144	0.866160313131
PAX7_0	2.0588054866759067	-0.004103399793412296	0.866181998979
EMX2_0	2.9344984512435675	0.001472040187103895	0.867004812413
FOXA3_0	2.8845121591903937	-0.0025077286836711005	0.867442184405
CREM_0	2.477844476338758	0.005898862767143179	0.869628833104
ATF3_0	2.403977963669355	0.00590887894226321	0.876052322813
RXRA_1	3.4644150224261683	-0.0009892101353388214	0.879625862729
TBX21_0	3.03422726077055	0.0019251085420823523	0.883140378121
FOXM1_0	3.117437025282619	-0.0013383293883028897	0.887449270198
ZN563_0	2.687528961214634	0.003101364420233502	0.890980834449
GMEB2_0	1.9912260756924949	-0.00452992806209527	0.894910711098
HNF1B_0	2.4432629874586946	-0.0035121278536474837	0.898132167718
PAX8_0	2.5237464668115646	0.0028095052831150135	0.898957610242
HXA2_0	2.7592900330243038	-0.001475706151265286	0.903355262347
ZBT49_0	2.2491983573911125	-0.0033698944758662275	0.904909198971
PTF1A_1	3.244524511570084	0.0013990903679953405	0.905244459071
SPIB_0	2.935255281784047	0.0018469104520635528	0.906099975921
FOXA2_0	2.9203842421783572	-0.0015716961313486453	0.906225737596
NR1H2_0	1.1760912590556811	0.010662345214268197	0.90701843297
SOX2_1	2.803457115648414	0.0016370300796190237	0.908086675604
TYY2_0	2.2380461031287955	0.005877050984306734	0.90924940917
ZNF41_1	2.800029359244134	-0.001953769702448074	0.909722079897
HESX1_0	2.3283796034387376	-0.0037056955343695653	0.910032514368
DPRX_0	1.9242792860618814	-0.005077635324562909	0.910799177533
AHR_0	2.1846914308175984	0.004939861076766769	0.911665314301
MAFG_1	3.147676324241098	0.0015402557287396625	0.911837334674
TF2LX_0	2.186108379813205	0.0027997809492649106	0.914793680923
ZBT17_0	3.954459602411555	-0.0005347795335202763	0.916149925827
THA11_0	2.597695185925512	0.0032259779753470086	0.920746802674
IRF9_0	2.657533887557986	0.0019612995638833485	0.922647418165
HIC2_0	3.144574207609616	-0.0012217199556106082	0.922716690438
FOXP3_0	3.3134453704264137	-0.0007208404027264504	0.922807579142
IRF1_0	3.632558514532671	-0.0004639475911414482	0.923040243513
RFX2_0	2.3918169236132485	-0.00334732518815293	0.923579061897
TWST1_0	2.549616239519085	0.0018136408868404737	0.924297999014
NKX62_0	3.0025979807199086	0.0010104536275940053	0.924351963584
ZN134_0	2.2624510897304293	-0.003046198131968208	0.925609647776
MBD2_0	2.8853612200315117	-0.002007092379135358	0.925889519513
VAX2_0	2.435366506612661	0.0017742235874927397	0.926529985819
ZNF41_0	2.435366506612661	0.002424886884322678	0.928686252213
UBIP1_0	4.481277765975526	-0.00022075612951052352	0.930057623308
SUH_0	3.0053950318867058	-0.001374045902233647	0.930362013482
ZN449_0	2.716420733846555	-0.0019213644738808675	0.932571201423
IRF8_0	2.991004440330755	0.0010935996249609233	0.93671739015
FOXC1_0	2.652729696069247	0.0016841676583479244	0.937412650494
CEBPZ_0	2.802431626430723	0.001973937096748305	0.937736605404
ETS1_0	3.1243411707749598	0.0012591285533072795	0.939351808656
TBX20_0	2.4578818967339924	-0.0017399244883853158	0.939994662454
TEAD1_0	3.0062520513693642	-0.0010907226727519335	0.942610972806
FOXP1_0	3.1903316981702914	0.0007083139642626087	0.943418331086
TF65_0	2.750893920382125	0.0012486152270587477	0.946227892003
STAT6_0	2.961421094066448	-0.0009681563181582829	0.947233699957
HSF1_1	3.134017645675983	0.0006958361957403799	0.947424224709
TBX4_0	2.452553063228925	-0.0009664962413059245	0.947793764764
ELF3_0	3.0951693514317546	0.000996981053492544	0.948634691618
GLI2_0	2.191730393362856	0.0014847077832061122	0.954160233906
PAX3_0	1.7032913781186614	-0.0021970438243661206	0.95491305257
KLF3_0	3.7856145249468236	0.00045663457752308863	0.95501104984
ALX4_0	2.144574207609616	0.001117060865561094	0.955422845693
OVOL2_0	2.5477747053878224	0.001244101063678358	0.955619555647
TFE3_0	1.9111576087399764	0.0035519556038786015	0.961324136358
NDF1_0	2.9286518466536946	0.0007682546281295923	0.961518620215
TFAP4_0	3.0513454993365383	0.0005928143691099959	0.962534219683
CUX2_0	3.0098756337121597	-0.00048704581362061443	0.963666719806
CDX1_0	3.4117038634059704	0.00027752145677487007	0.965648269957
HMX3_0	2.734399742520567	0.000632803980813091	0.966602720773
GRHL2_0	2.436162647040756	0.0011160339079018457	0.969626273631
RREB1_0	3.287689783936075	0.00032331179557318975	0.969753909202
ZN263_0	3.8176645122338564	-0.00020704248262990647	0.971721890956
HLF_0	2.3607826898732798	0.0008214690759237094	0.97422755303
ZEP2_0	2.5682017240669945	0.0007384867624831628	0.974763453404
BC11A_0	3.5269850685599953	-0.00021401423661949396	0.975525440802
PRDM1_0	3.0141003215196203	0.0003521543852858446	0.979929162476
FOXJ3_0	3.642513981489473	0.00011446833885421438	0.980255221544
NFAC1_1	3.25971330539073	0.00018296787707764513	0.983711929103
HES1_0	2.5932860670204567	-0.000352166973585679	0.989007945691
FOXD3_0	3.2852196432020606	0.00010425445352515235	0.990083071377
SOX5_0	3.56531642708562	4.1949833198252255e-05	0.993538754481
MTF1_0	1.8920946026904801	0.0002522923042152993	0.996456859786
SOX17_0	2.8680563618230415	-4.167383303280907e-05	0.997683748136
IRF4_0	2.836007459125531	3.234023743057331e-05	0.998334964482
HEY1_0	2.4742162640762553	-3.6888419333934008e-06	0.999845243734
HMGA2_0	2.0588054866759067	0.0017337737856967718	1.0
